  6.2204549e+003  1.9203317e+003  9.5205240e+003  3.8768588e+002  1.1230778e+002  2.7293029e+002
  3.0834836e+003  3.4786113e+002  3.7002149e+003  7.1420625e+001  4.0897035e+001  5.1878302e+001
  4.0753331e+002  1.6381033e+002  5.2088263e+002  9.4066070e+000  7.5598031e-001  4.8806675e+000
  4.2099283e+002  5.0025200e+002  4.9156098e+002  1.0764754e+001  6.3088898e-001  4.4940162e+000
  4.3475589e+002  3.9800693e+002  2.1748244e+002  3.9565462e+000  5.0908748e-001  1.5807595e+000
  6.3190727e+002  5.0779277e+002  1.3280682e+002  2.7995352e+000  5.0335512e-001  1.0285335e+000
  6.3538219e+002  5.3067231e+002  4.9919799e+002  7.1035686e+000  2.2082210e+000  4.5445044e+000
  1.5845599e+003  1.5154611e+003  1.8951546e+003  1.3401717e+001  3.6819280e+000  7.0197284e+000
  2.5827822e+003  2.5744713e+003  3.7496541e+003  5.1130304e+001  4.0539051e+000  1.3767100e+001
  1.3279249e+004  3.7417682e+003  4.1371262e+003  1.2081978e+002  9.5131107e+000  3.5798319e+001
  1.4220506e+004  3.0335226e+003  3.6029342e+003  1.2428706e+002  1.1913797e+001  3.5379115e+001
  4.5485598e+003  2.2520719e+003  2.1066272e+003  9.5296601e+001  1.1256208e+001  1.7898733e+001
  4.1884571e+003  5.0680332e+003  3.2731558e+003  1.5969533e+002  1.6018912e+001  5.9903895e+001
  8.2702241e+003  4.4853576e+003  5.0491535e+003  1.3557400e+002  2.0398006e+001  8.5240819e+001
  7.1794879e+003  3.9815084e+003  4.7860915e+003  1.2653703e+002  1.2826786e+001  2.8479842e+001
  5.0099972e+003  3.9494242e+003  2.0863102e+003  4.7093632e+001  7.2289887e+000  1.9931220e+001
  4.0724775e+003  2.4844099e+003  2.9155740e+003  3.8892853e+001  8.4039703e+000  4.2263692e+001
  4.2764245e+003  2.1488339e+003  3.1942885e+003  1.5797712e+002  6.0950632e+001  7.4317873e+001
  4.4277060e+003  3.0165648e+003  1.5345470e+003  1.7937440e+002  7.4765535e+001  6.0881592e+001
  3.3054371e+003  2.5027213e+003  1.1476492e+003  7.2057190e+001  2.2458002e+001  2.4301106e+001
  2.8946292e+003  2.8349653e+003  1.8346929e+003  8.1005415e+001  2.8918407e+001  5.5138985e+001
  1.0846772e+004  3.7959528e+003  1.6538186e+004  1.1872792e+003  1.2936619e+002  8.3252153e+002
  1.1913750e+004  2.2776826e+003  2.3088024e+004  1.5884340e+003  1.5840998e+002  1.0661217e+003
  3.2722024e+003  9.0652605e+002  3.4840492e+003  5.3308506e+002  5.6509033e+001  2.7528286e+002
  2.1707120e+002  1.0435593e+002  1.3937785e+002  1.3487343e+001  1.5697870e+000  6.1836386e+000
  3.4067078e+003  2.1015845e+003  3.6353768e+003  6.3389243e+001  6.0411903e+001  1.7456916e+002
  5.3497685e+003  2.8363118e+003  1.0973287e+004  5.0378729e+002  1.4203466e+002  5.4516269e+002
  2.4833294e+003  1.4393890e+003  6.4110434e+003  3.0305483e+002  7.5641584e+001  5.2648307e+002
  9.3009023e+002  8.2279208e+002  7.6525680e+002  3.3230003e+001  2.7716237e+000  2.3320208e+001
  1.0994094e+003  1.2122222e+003  1.4054986e+003  1.2560408e+002  7.7527881e+000  3.5773314e+001
  1.7786918e+003  1.9635139e+003  2.2239912e+003  1.1249167e+002  7.4272138e+000  3.5415307e+001
  8.6576124e+002  1.0236338e+003  1.3785697e+003  1.6285493e+001  9.4564753e-001  5.1968254e+000
  1.6864023e+002  1.0055159e+002  1.2580970e+002  3.5580250e+000  3.6169281e-001  1.4240342e+000
  9.9129629e+001  1.5733330e+002  1.4618860e+002  7.1366141e+000  3.7669123e-001  1.0429522e+000
  4.1452578e+002  2.0648107e+002  2.6104814e+002  1.1746644e+001  8.2584221e-001  1.5410960e+000
  2.1702827e+002  1.2246362e+002  2.2324675e+002  1.0095670e+001  1.7473441e+000  2.5325121e+000
  4.6733099e+001  4.8161725e+001  1.0582237e+002  3.0406059e+000  8.2563113e-001  1.2752846e+000
  1.7938758e+001  2.3136785e+001  3.9476932e+001  8.6103713e-001  4.1249754e-001  2.1901596e+000
  1.6303174e+002  1.3122582e+002  1.8243852e+002  3.4526832e+000  6.7684674e-001  5.0665264e+000
  1.6272167e+002  1.2523850e+002  1.4724912e+002  3.5427684e+000  6.1088239e-001  4.6638152e+000
  7.3728908e+002  2.4006500e+002  2.3482230e+002  1.0672615e+001  2.1790016e+000  7.8442633e+000
  7.4384822e+002  3.0875670e+002  3.8432848e+002  1.7995603e+001  5.3214539e+000  8.5075540e+001
  1.0203270e+002  9.5294575e+001  1.7692783e+002  9.2333239e+000  1.8975047e+000  6.1138563e+001
  3.0577456e+001  1.0388696e+001  9.8306207e+000  1.0788411e+000  1.2982231e-001  7.1856900e-001
  2.6238453e+001  2.0586981e+001  1.1282250e+001  1.6406461e+000  2.7723252e-001  7.4471197e-001
  7.7601305e+001  6.8477581e+001  2.0377166e+001  1.8797114e+000  4.1252958e-001  1.2201532e+000
  7.7526139e+001  5.9486613e+001  2.6784861e+001  5.8311045e+000  5.8943382e-001  3.5712673e+000
  2.0614156e+001  1.6061166e+001  1.2984485e+001  4.4663806e+000  3.3908389e-001  3.0941867e+000
  6.7397167e+001  1.6135551e+001  1.1849786e+001  4.9497747e+000  4.8755265e-001  2.4936431e+000
  6.4441487e+001  2.1481568e+001  1.4191769e+001  6.1952111e+000  6.5192126e-001  3.3981151e+000
  6.0907217e+001  4.4472042e+000  7.1633872e+000  1.3037226e+000  3.7849597e-001  1.0156063e+000
  4.5220140e+001  3.6570500e+000  3.1980743e+000  5.4708762e-001  1.2442665e-001  1.7455747e-001
  5.9037243e+000  6.3046138e+000  9.6061826e+000  4.4420761e-001  8.2633056e-002  1.6105494e-001
  1.9451810e+002  1.0791047e+002  1.8941454e+002  1.8283603e+000  5.2619732e-001  1.1101514e+000
  4.4213289e+002  2.7111706e+002  3.5487041e+002  8.6412521e+000  3.9977672e+000  2.2868651e+001
  2.4711308e+002  3.4302401e+002  1.9276464e+002  7.3932962e+000  3.2878135e+000  1.9774364e+001
  6.6755765e+001  4.7115084e+001  6.0202818e+001  1.1793036e+000  2.3691643e-001  1.2816956e+000
  2.8276517e+002  3.3477075e+002  3.0518936e+002  1.2022165e+001  2.1239243e+000  1.9679578e+001
  2.8890497e+002  3.9806867e+002  3.7148368e+002  1.7473792e+001  2.4994439e+000  2.1193531e+001
  1.0393319e+002  6.9735167e+001  8.2270309e+001  4.3544148e+000  6.6953110e-001  3.0898853e+000
  2.4723614e+001  1.9533992e+001  1.4094106e+001  7.5275250e-001  8.1033384e-002  3.6887687e-001
  6.9970874e+001  5.8075954e+001  6.4825898e+001  5.8660173e+000  6.3210657e-001  1.4970904e+001
  9.5372799e+001  4.2940808e+001  7.1792853e+002  8.4608471e+000  8.9639559e-001  1.4851928e+002
  9.1187856e+001  6.8208490e+001  5.7350110e+002  9.3984292e+000  2.6522037e+000  1.2706120e+002
  9.9154277e+001  7.0893080e+001  7.6706989e+001  1.3384818e+001  5.8888386e+000  2.1410229e+001
  2.2585342e+002  4.9936195e+001  5.5526275e+001  1.1488270e+001  4.2667249e+000  3.1081413e+001
  2.3459535e+002  2.3219147e+001  2.7838333e+001  4.1409346e+000  3.8389916e-001  3.0204914e+000
  5.8261101e+001  1.5990481e+001  1.1609320e+001  1.4256400e+000  3.9637324e-001  1.2399708e+000
  1.5205283e+002  3.4673651e+001  2.2715485e+001  3.5252705e+000  7.2897830e-001  2.2993187e+000
  2.9516545e+002  4.1344016e+001  5.0591221e+001  7.4234988e+000  9.1493831e-001  3.7271986e+000
  2.8044163e+002  7.3176067e+001  1.0299336e+002  3.0936303e+000  6.5266790e-001  4.2483113e+000
  1.4491608e+002  8.5775006e+001  1.0732383e+002  2.4609805e+000  7.1618078e-001  3.4463193e+001
  2.1898735e+002  1.2129830e+002  2.0999963e+002  4.7693866e+000  2.3500666e+000  4.0628435e+001
  9.9093388e+001  7.1301943e+001  1.6061294e+002  3.4598895e+000  1.1560241e+000  4.2268043e+000
  2.3804001e+002  1.2194390e+002  5.4967177e+002  7.3733738e+000  2.6466441e+000  1.2245789e+002
  2.0316093e+002  1.5930634e+002  2.7996225e+002  7.3467000e+000  2.5294668e+000  1.2686617e+002
  4.7415391e+000  1.0524351e+000  2.7781937e+000  4.3980852e-001  1.7476711e-001  4.5539328e+000
  4.0979188e+001  1.5213278e+001  1.1434196e+001  1.9308133e+000  1.6205532e-001  6.7720551e-001
  4.3868464e+002  1.2731001e+002  9.3026412e+001  6.9773082e+000  1.4299776e+000  2.9367961e+000
  9.1367427e+002  7.3925837e+002  6.1818205e+002  4.0665157e+001  7.6520891e+000  1.2719835e+001
  3.6394392e+003  1.4710665e+003  5.1916783e+003  4.0544766e+002  8.0780282e+001  2.9539753e+002
  3.9718991e+003  1.5282319e+003  7.8434458e+003  5.2424046e+002  1.9280021e+002  4.0476887e+002
  1.8582303e+003  1.0829678e+003  3.6041268e+003  1.8240213e+002  9.3076337e+001  1.4133019e+002
  1.0877029e+003  9.0993420e+002  5.5825163e+002  1.2450199e+001  7.7091935e+000  1.7115133e+001
  3.3619723e+002  5.3519789e+002  1.6999600e+002  6.1709400e+000  1.7411685e+000  1.0422539e+001
  7.7745536e+001  7.9645988e+001  6.8579217e+001  2.7583627e+000  2.1813133e-001  1.5532303e+000
  7.4926029e+001  1.0306912e+002  1.4036670e+002  5.1240199e-001  1.0607582e-001  2.4249935e-001
  2.4286665e+002  2.2596201e+002  2.0038377e+002  1.3709221e+000  1.2021256e-001  5.5886228e-001
  2.2789589e+002  1.3961943e+002  1.2378203e+002  2.8349576e+000  5.3094499e-001  7.4091967e-001
  5.3922901e+001  8.1218486e+001  1.0044183e+002  1.5486392e+000  6.6595244e-001  6.2483545e-001
  5.6592796e+001  3.5828105e+001  2.0103763e+001  1.4039638e+000  5.5080341e-001  1.0638979e+000
  7.2003495e+001  3.7402705e+001  1.8274416e+001  2.1866711e+000  6.2987598e-001  1.7865202e+000
  5.8028776e+001  2.9558305e+001  1.8918510e+001  2.7614658e+000  4.1938845e-001  1.2805661e+000
  2.4437967e+002  1.8415371e+002  1.6348852e+002  1.6297948e+000  9.1345621e-001  3.1282142e+000
  2.1331337e+002  1.6095647e+002  1.5321369e+002  9.7782923e-001  6.0359420e-001  2.0592711e+000
  1.6337701e+002  7.8165779e+001  6.4232169e+001  5.1384648e-001  1.6056201e-001  2.9444395e-001
  4.7553297e+002  1.7785544e+002  2.8752193e+002  5.6152138e+000  5.8231179e-001  1.0534997e+000
  4.3508686e+002  4.2499316e+002  3.4235855e+002  7.1511060e+000  8.2057898e-001  1.6937388e+000
  6.5128587e+002  4.2596264e+002  5.7116547e+002  1.5301982e+000  9.0172807e-001  1.5781288e+000
  1.4421445e+003  6.0611980e+002  7.4982281e+002  2.7737727e+000  1.2235017e+000  1.3595921e+000
  2.3527527e+003  9.9358524e+002  1.3484802e+003  2.8186221e+001  3.7967602e+000  1.5041050e+001
  6.3506842e+003  3.7378261e+003  2.0135923e+004  2.5638496e+002  9.5952085e+001  4.3411268e+002
  5.8912344e+003  4.0318159e+003  1.8127161e+004  6.6860272e+002  1.5748499e+002  6.9553913e+002
  1.9341659e+003  1.2587930e+003  2.8941165e+003  7.5975640e+002  6.3226957e+001  2.6407442e+002
  4.5903296e+002  3.8962959e+002  1.0911194e+003  3.0681248e+001  7.6608995e+000  2.8175925e+001
  1.3268326e+002  2.4865937e+002  3.3507168e+002  1.5867398e+001  1.7673370e+000  2.6515939e+001
  2.1269278e+002  1.8253413e+002  2.2359570e+002  1.6036169e+001  1.3483021e+000  2.1523122e+001
  6.6090985e+002  5.4311908e+002  5.9353069e+002  7.9467525e+000  2.5406293e+000  2.7812312e+001
  6.1847555e+002  5.4722647e+002  6.6805616e+002  1.0389551e+001  2.8657362e+000  2.6960600e+001
  3.5021086e+002  2.3989822e+002  1.9401785e+002  1.3786363e+001  1.5977311e+000  5.9582254e+000
  1.5783261e+002  1.4876102e+002  6.1018233e+001  5.7458139e+000  1.3378222e+000  1.7192871e+000
  3.5224960e+002  1.5370157e+002  3.2052807e+002  4.3069517e+000  8.0130984e+000  3.0022545e+001
  4.1163385e+002  2.1495562e+002  5.5777404e+002  7.9996149e+000  7.6403588e+000  3.5036017e+001
  2.1329747e+002  2.8156383e+002  4.7395760e+002  5.7050177e+000  7.5446904e-001  3.2616420e+000
  2.9601000e+002  3.2430019e+002  5.2908487e+002  4.9148271e+000  8.8328584e-001  8.4808855e-001
  3.5941614e+002  2.7077707e+002  4.1992675e+002  9.6812576e+000  1.2890323e+000  5.7166511e+000
  5.5246395e+002  3.6860045e+002  4.1764651e+002  4.2833595e+001  2.0016856e+000  2.6074742e+001
  5.6511940e+002  2.7513957e+002  3.0853007e+002  3.9483193e+001  1.9690074e+000  4.4204486e+001
  2.0368786e+002  5.0377802e+001  9.5975881e+001  8.7589818e+000  2.0910133e+000  2.2548058e+001
  1.2775079e+002  1.1357008e+002  1.5114952e+002  1.1757766e+001  5.4008073e+000  1.9493268e+001
  4.0468352e+001  5.1918065e+001  3.7295973e+001  2.6650078e+000  1.6124433e+000  7.2628031e+000
  8.0782146e+000  4.4661807e+000  1.3423021e+000  1.2689883e+000  4.5463823e-001  1.3268314e+000
  3.6129845e+000  4.0899578e+000  7.5885887e-001  5.6605503e-001  1.7894121e-001  3.3318754e-001
  5.1491938e+001  8.5874594e+000  6.4107060e+000  4.4669412e+000  1.0377463e+000  2.6868698e+000
  7.1605329e+001  1.4185183e+001  1.2592901e+001  6.7317026e+000  2.5890977e+000  4.4995498e+000
  2.6186648e+001  1.1804542e+001  5.3968509e+000  3.3547320e+000  1.4599057e+000  2.1462273e+000
  3.4989814e+001  6.9262108e+000  4.9887967e+000  8.6210626e-001  1.2110457e-001  2.0922395e-001
  7.8301574e+001  3.0100255e+001  1.4715510e+001  2.3031444e+000  2.1147176e+000  1.4121400e+000
  3.6803137e+001  2.9574970e+001  1.2722417e+001  3.3360446e+000  2.1074126e+000  1.2507647e+000
  1.6792586e+001  2.1641514e+001  1.0281063e+001  1.2217417e+000  1.2507611e-001  1.9536738e-001
  6.8073319e+002  1.6082830e+002  1.7336043e+002  6.0616917e+000  2.1586805e+000  1.4572179e+000
  9.6404631e+002  6.3663319e+002  1.3669824e+003  1.5122546e+001  4.4906779e+000  1.3827474e+001
  1.8418078e+003  1.6218777e+003  5.0802555e+003  2.3024472e+002  5.2607755e+001  1.4719712e+002
  2.7132408e+003  2.0243578e+003  5.1321517e+003  3.1514856e+002  9.9852804e+001  2.3929103e+002
  2.3197248e+003  1.5774036e+003  1.8503205e+003  2.0872979e+002  6.8216141e+001  1.3065106e+002
  1.9697654e+003  5.7903916e+002  1.9626832e+003  1.4608733e+002  1.8866739e+001  6.5159770e+001
  4.0695456e+002  1.2098739e+002  9.1163741e+002  5.7009918e+001  8.2771572e+000  3.2529243e+001
  1.3878524e+002  6.7147670e+001  6.7985854e+001  2.1809479e+000  2.3270972e-001  6.0411620e-001
  7.5926150e+002  3.2899620e+002  3.1264962e+002  8.1560824e+000  1.5340911e+000  7.7710985e+000
  8.1736348e+002  3.8533540e+002  3.3995733e+002  8.2890360e+000  1.9023513e+000  7.5890710e+000
  1.2392434e+003  1.3270708e+003  1.7287714e+003  2.0507819e+001  3.9398584e+001  4.5352708e+001
  2.7025858e+003  1.9900676e+003  3.6227501e+003  2.1691673e+002  9.9553999e+001  2.0868047e+002
  2.7049755e+003  1.2924187e+003  2.5135034e+003  1.7947506e+002  4.4091066e+001  1.7538348e+002
  1.0840302e+003  7.5162823e+002  4.7773881e+002  1.0610571e+001  3.2485867e+000  7.8489852e+000
  7.4008901e+002  4.9183535e+002  8.0458234e+002  3.3881366e+001  6.4191781e+000  1.3488717e+001
  6.3363124e+002  3.6537151e+002  5.4469895e+002  2.6350928e+001  7.6475924e+000  1.3286323e+001
  4.0204182e+001  5.4355141e+001  7.4456363e+001  4.8738901e+000  1.8315699e+000  2.2007019e+000
  1.3892426e+002  2.8704710e+002  3.6329011e+002  1.8220860e+001  1.8326829e+000  4.1699947e+001
  2.7966785e+002  3.5727978e+002  5.5530752e+002  2.5314984e+001  2.7456472e+000  5.3713591e+001
  2.7916751e+002  2.6242491e+002  3.8185107e+002  7.9311373e+000  1.3418134e+000  1.6910113e+001
  1.1805283e+002  2.7873649e+002  3.5039595e+002  7.0053539e+000  1.8274306e+000  7.8376126e+000
  1.4427068e+002  2.9570457e+002  2.2325255e+002  9.2323397e+000  4.8592555e+000  5.7524492e+001
  1.6866786e+002  3.1267467e+002  3.3465777e+002  7.9707167e+000  3.8138137e+000  6.2818513e+001
  1.6401454e+002  1.2851806e+002  2.9858020e+002  8.9923769e+000  1.4877686e+000  2.0091078e+001
  1.3316698e+002  7.2629180e+001  1.5719449e+002  1.0602825e+001  1.0296233e+000  1.3321296e+001
  4.4637801e+001  2.1449325e+001  9.6430524e+001  2.6533985e+000  3.3778847e-001  9.5943296e-001
  1.3105496e+002  6.6736429e+001  1.2773958e+002  1.9680049e+000  1.0860763e+000  1.0831240e+000
  3.1013744e+002  1.8598641e+002  6.5164302e+002  1.1509289e+001  3.6196802e+000  1.2670010e+001
  3.0968600e+002  1.7516587e+002  6.0023275e+002  1.9970830e+001  4.7033256e+000  1.9749529e+001
  5.3426704e+001  7.3583414e+001  1.0913586e+002  9.8526121e+000  1.7019225e+000  8.6611795e+000
  1.1861740e+001  4.4859467e+000  3.8839932e+000  1.3256622e+000  2.4420908e-001  2.9764853e-001
  1.6917513e+002  1.1420989e+002  1.5950411e+002  5.9967560e+000  6.3679001e-001  4.6773907e+000
  2.1061413e+002  1.6599727e+002  2.2831666e+002  8.9588413e+000  8.6309918e-001  7.1775829e+000
  4.7608848e+001  2.4540701e+001  6.3351170e+001  1.3343479e+000  3.0116873e-001  2.1025339e+000
  1.2527976e+001  3.1655516e+000  2.7559997e+000  9.3185765e-001  1.3356293e-001  2.3123341e-001
  8.5777784e+001  1.4733546e+002  2.8442595e+002  2.3082489e+000  4.4228584e-001  1.0015070e+001
  1.1608742e+002  2.1617542e+002  3.8814990e+002  5.1394331e+000  5.2588209e-001  1.5113155e+001
  4.9386471e+001  6.4693372e+001  9.5364592e+001  4.0599740e+000  2.8531475e-001  5.9663370e+000
  7.0087190e+000  8.6948851e+000  2.5369555e+000  7.5038323e-001  8.1479972e-002  1.8583264e-001
  2.0503976e+001  2.3536046e+001  5.3684260e+000  1.0979634e+000  2.7918760e-001  2.8263044e-001
  2.5633351e+001  2.2275430e+001  1.0454893e+001  9.4587798e-001  4.7287063e-001  4.1429805e-001
  1.5249450e+001  9.1942196e+000  6.7724330e+000  2.0279710e+000  2.3482440e-001  2.5490204e-001
  1.3560699e+002  1.9610937e+001  1.1785074e+002  7.3859427e+000  4.9117251e-001  9.7423306e-001
  2.2532109e+002  2.4636475e+001  2.2335046e+002  5.5062393e+000  5.0378775e-001  1.2240026e+000
  3.1984516e+001  7.0831759e+000  2.2988557e+001  9.3328189e-001  1.6267613e-001  2.0931301e-001
  5.8542910e-001  1.3033860e+000  8.7842521e-001  7.5617830e-002  6.2251803e-002  6.7927641e-002
  3.4967364e-001  4.9834069e-001  2.7519103e-001  7.1957003e-002  6.2738527e-002  7.7692900e-002
  5.5200228e-001  6.5692791e-001  7.3424491e-001  1.8525413e-001  1.5832549e-001  9.0035949e-002
  1.9611770e+000  1.4942147e+000  3.0381999e+000  2.9908135e-001  2.8121629e-001  3.6823842e-001
  2.3930739e+002  1.6415172e+002  1.8671497e+002  2.5626351e+000  9.0168524e-001  3.2777715e+000
  3.1079577e+002  1.9605696e+002  2.4813352e+002  3.6263290e+000  2.1878184e+000  1.9309066e+001
  8.9768280e+001  5.3981977e+001  4.7362656e+001  1.7803376e+000  1.5211832e+000  1.4865931e+001
  6.1928465e+000  9.9337664e+000  2.2067924e+000  8.8495780e-001  2.9890559e-001  7.7358008e-001
  1.4318288e+000  4.2613172e+000  1.1401152e+000  4.1071004e-001  1.0828146e-001  3.4867887e-001
  1.8221242e+000  3.2357712e+000  1.1485678e+000  3.4929123e-001  9.0659782e-002  3.3206680e-001
  8.1472966e+001  7.0374491e+001  1.1615070e+002  5.7965088e+000  5.1158222e-001  2.0941377e+000
  2.2886045e+002  2.0124544e+002  3.1505973e+002  1.4639857e+001  1.2387919e+000  8.8721170e+000
  1.6778412e+002  1.3985023e+002  1.9588503e+002  1.2215831e+001  1.0328525e+000  7.6284847e+000
  7.2183966e+000  2.3318877e+000  1.1544794e+000  1.0817994e+000  1.3213729e-001  2.4932700e-001
  1.8017236e+000  7.4900383e-001  4.2770173e-001  6.6048206e-001  1.4300419e-001  1.0004201e-001
  1.2758661e+000  4.4625806e-001  7.4934442e-001  5.1747345e-001  1.5896903e-001  3.4931701e-001
  5.9498555e+001  2.3125613e+001  5.4105001e+001  4.7040086e+000  5.3144724e-001  7.8318757e+000
  1.6484190e+002  8.0570731e+001  1.0865047e+002  8.3255450e+000  8.1204048e-001  1.7589121e+001
  1.4841058e+002  1.2309516e+002  1.2435103e+002  4.8736008e+000  5.8722742e-001  1.5116692e+001
  1.5088899e+002  9.3792745e+001  1.3784212e+002  7.1473295e+000  7.3252830e-001  1.3532768e+001
  2.2107886e+002  1.1392446e+002  2.6451970e+002  4.8735109e+001  5.9611137e+000  1.6514705e+002
  1.5412307e+002  9.0882178e+001  1.9219946e+002  4.3780959e+001  5.9944056e+000  1.4714176e+002
  4.1420835e+001  1.3081354e+001  4.4644187e+001  1.3181939e+001  1.7254717e+000  2.7642123e+001
  3.4423300e+001  8.8214744e+001  9.8110576e+001  1.2089169e+000  5.0190601e-001  3.5544654e+000
  7.1151523e+001  1.4813871e+002  2.0340388e+002  3.6233114e+000  6.2027958e-001  4.5053235e+000
  2.7188077e+002  2.3093346e+002  3.9043631e+002  1.2262805e+001  2.5650042e+000  4.0431693e+001
  2.9562539e+002  2.1123260e+002  3.4827591e+002  2.6927952e+001  3.3531204e+000  1.2500095e+002
  2.5886374e+002  2.0155699e+002  2.0194588e+002  1.5106130e+001  2.5382796e+000  9.1742950e+001
  3.3306745e+002  2.7491705e+002  2.7800129e+002  6.1122695e+000  1.9203563e+000  1.1173207e+001
  5.2189254e+002  4.2678831e+002  3.5241438e+002  2.0490858e+001  1.9266357e+000  3.1368235e+000
  9.0872928e+002  4.0947787e+002  4.1347545e+002  1.7651938e+001  1.6420731e+000  2.0941063e+000
  1.0306549e+003  1.4828006e+003  2.9746189e+002  3.8866904e+000  1.6594144e+000  9.3321001e-001
  1.0875569e+003  2.4117222e+003  4.2013801e+002  3.9631811e+000  1.3514959e+001  1.1863581e+000
  1.1762189e+003  1.3825308e+003  7.8600078e+002  5.9151689e+000  2.3809646e+001  2.9580326e+000
  8.2916824e+003  3.7760081e+003  6.9449423e+003  1.6283998e+001  1.9087518e+001  1.9877489e+001
  1.3609600e+004  4.6804521e+003  8.4379491e+003  1.5800672e+001  5.7693113e+000  2.4068451e+001
  7.6181607e+003  2.4033138e+003  2.5841655e+003  6.2038725e+000  3.0418379e+000  4.6497889e+000
  4.8712695e+003  2.5963063e+003  4.1098217e+003  9.9656812e+000  5.4156808e+000  7.6548424e+000
  4.5769942e+003  2.2095234e+003  3.2609790e+003  1.5366012e+001  9.7516213e+000  4.1338461e+001
  1.7233000e+003  1.1310523e+003  1.0203888e+003  1.3658236e+001  1.2908072e+001  4.7143458e+001
  1.1319413e+003  1.0175394e+003  1.3283227e+003  1.5863760e+001  1.2021417e+001  5.4111370e+000
  7.2039297e+002  1.2537770e+003  9.5461204e+002  1.5636869e+001  1.7306162e+000  4.8527081e+000
  1.1299710e+003  1.0717034e+003  6.8864987e+002  2.1193434e+001  2.0328131e+000  2.9912481e+001
  1.8717704e+003  1.3034276e+003  1.6984583e+003  2.1002303e+001  2.1705661e+000  2.4191461e+001
  1.6532302e+003  1.5421347e+003  1.8981480e+003  2.2841517e+001  4.0326487e+000  1.7673186e+001
  1.1318837e+003  2.6769736e+003  1.2109411e+003  9.4642342e+001  1.3993855e+001  2.6475561e+001
  1.4353215e+003  2.4263715e+003  1.0621632e+003  9.5249024e+001  1.5178522e+001  4.1330504e+001
  1.1387628e+003  9.6376507e+002  6.0270959e+002  2.1665666e+001  4.8157987e+000  2.4698394e+001
  1.4516973e+003  7.1910936e+002  1.5300866e+002  2.8008365e+000  5.3045383e-001  8.0326315e-001
  1.3767457e+003  8.3501540e+002  1.3198006e+002  1.7264348e+000  3.1599961e-001  2.4036617e-001
  8.1714938e+002  5.3703688e+002  8.7933772e+001  6.7290931e-001  1.9702313e-001  4.2952153e-001
  2.8216388e+002  2.0712156e+002  2.1943806e+001  4.3590447e-001  1.5582698e-001  3.2752589e-001
  2.4094384e+001  2.2917405e+001  8.3418713e+000  1.2776472e-001  7.1912280e-002  8.1561761e-002
  1.0364899e+002  8.9445201e+001  2.9140730e+001  1.5641999e-001  6.3734632e-002  9.0747637e-002
  5.6899963e+002  6.2237370e+002  1.6144964e+002  1.5767804e+000  2.6736311e-001  3.0981384e-001
  9.2792222e+002  5.9331821e+002  1.9084690e+002  2.2102513e+000  3.4264311e-001  3.5438047e-001
  5.1038648e+002  1.7108625e+002  7.0666159e+001  8.8554592e-001  1.4578093e-001  1.6345644e-001
  4.0239002e+001  1.5664480e+001  4.2348052e+000  1.3159916e-001  8.3700137e-002  7.6295105e-002
  1.6959840e+002  1.6081110e+002  4.2882002e+001  7.9997821e-001  1.8536413e-001  1.9473826e-001
  6.7250962e+002  6.2842104e+002  1.7746282e+002  1.2932465e+000  4.5570345e-001  3.2404876e-001
  9.0281151e+002  6.2816477e+002  2.0879905e+002  1.4563523e+000  4.2419049e-001  3.6036947e-001
  7.3157035e+002  4.1308241e+002  3.4102346e+002  2.9853007e+000  4.5357158e-001  6.9512959e-001
  5.7328187e+002  5.5695473e+002  7.8176685e+002  1.6556742e+001  4.2777106e+000  3.7787161e+000
  4.1096057e+002  4.4081412e+002  4.8182245e+002  3.9631611e+001  5.7813170e+000  7.4481262e+000
  5.6976737e+002  4.8300705e+002  5.2646094e+002  6.1499906e+001  1.2363735e+001  2.9327700e+001
  1.3080980e+003  6.1430344e+002  8.6286479e+002  4.7489029e+001  2.1874617e+001  4.3915041e+001
  5.7358300e+003  2.8719962e+003  1.0302654e+004  4.0740838e+002  7.7228262e+001  2.3021276e+002
  7.0360973e+003  2.8543108e+003  1.4590009e+004  6.3920574e+002  1.8305652e+002  3.8856204e+002
  6.2993971e+003  4.5914140e+003  8.7799189e+003  3.5569758e+002  1.3074789e+002  3.4108106e+002
  5.6447382e+003  4.9750475e+003  5.3615801e+003  2.5719658e+002  5.1092759e+001  1.3569690e+002
  1.2228576e+003  1.3256496e+003  1.1906447e+003  4.6271657e+001  8.1757532e+000  2.3166539e+001
  1.3967984e+003  1.4355322e+003  5.8088391e+002  1.6710007e+001  4.0550368e+000  1.9437897e+001
  1.5193653e+003  2.4319101e+003  1.2497143e+003  2.3678188e+001  4.2103565e+000  2.7622258e+001
  1.3561418e+003  1.0504897e+003  1.7197521e+003  3.7419773e+001  6.0729378e+000  1.5490251e+001
  1.8503006e+003  6.4048084e+002  2.5711862e+003  7.5260678e+001  1.4989859e+001  4.5573648e+001
  2.8621161e+003  2.1875722e+003  2.4073114e+003  7.2664123e+001  1.4334261e+001  4.6809120e+001
  3.0993794e+003  2.5863730e+003  1.7882586e+003  4.9994043e+001  5.4900039e+000  1.7067271e+001
  8.8996694e+002  6.1196783e+002  6.9527625e+002  3.0367183e+001  2.5880044e+000  6.8988391e+000
  3.0169254e+002  3.6098177e+002  6.0554249e+002  1.8463180e+001  5.3689367e+000  9.1097282e+000
  5.6067166e+002  4.5070688e+002  9.3530204e+002  9.3567483e+001  7.5466255e+000  1.6415551e+001
  1.8671748e+003  6.6015893e+002  2.4003765e+003  1.3814097e+002  4.6955781e+000  1.5602767e+001
  2.0433330e+003  9.3478829e+002  2.9981097e+003  5.5418052e+001  5.0104654e+000  1.7454479e+001
  8.2097322e+002  3.8796951e+002  9.7772158e+002  4.1483537e+001  7.5133889e+000  1.7416038e+001
  6.9817085e+002  3.5363287e+002  5.8342665e+002  6.6464702e+001  8.2180800e+000  2.9266760e+001
  2.5812636e+003  3.1303411e+002  1.5472656e+003  5.4075465e+001  7.0704684e+000  3.5103596e+001
  3.5019016e+003  7.7377248e+002  2.8243699e+003  3.6167186e+001  9.9696248e+000  4.4330298e+001
  1.2867578e+003  1.2497765e+003  1.9170635e+003  2.9901700e+001  1.5981740e+001  3.2602905e+001
  1.1382105e+003  7.7754041e+002  9.5769579e+002  6.3965159e+001  3.1297048e+001  7.4865321e+001
  1.0755472e+003  2.3735183e+002  8.0318029e+002  6.1239604e+001  1.7474191e+001  6.9667750e+001
  6.5667634e+002  1.2472670e+002  4.5322527e+002  1.0639162e+001  2.9501778e+000  1.3643488e+001
  1.7184478e+003  1.4906436e+002  9.5146341e+002  2.6698372e+001  1.9783496e+000  1.4808134e+001
  2.2487036e+003  1.9065626e+002  1.4818173e+003  3.4830758e+001  2.6305700e+000  2.1040871e+001
  1.1500719e+003  1.9746074e+002  1.2645395e+003  2.7533365e+001  2.6800456e+000  1.5921980e+001
  1.4413233e+003  2.2770531e+002  8.4457018e+002  2.3166216e+001  3.4369770e+000  9.9693555e+000
  1.3791235e+003  1.7812589e+002  5.6552790e+002  2.9157178e+001  4.1177122e+000  1.3507416e+001
  4.2939092e+002  1.4585932e+002  3.6919518e+002  1.4697690e+001  4.6286059e+000  1.2758296e+001
  4.0804067e+002  1.6712621e+002  2.5096993e+002  6.0709640e+000  1.9196469e+000  7.0974004e+000
  3.9761900e+002  2.0191683e+002  1.8986704e+002  8.7351004e+000  1.0153372e+000  4.2944297e+000
  3.5470291e+002  1.9228902e+002  1.9069979e+002  1.2453254e+001  2.4326985e+000  4.1625252e+000
  4.4857956e+002  1.8375252e+002  3.6618594e+002  2.6249139e+001  4.2281373e+000  1.3348779e+001
  1.0450546e+003  2.6612274e+002  5.2408164e+002  2.7647693e+001  7.0167772e+000  2.2887869e+001
  1.6611702e+003  4.4854104e+002  8.0980773e+002  2.3077427e+001  8.7993487e+000  2.6845329e+001
  1.6506321e+003  4.2320005e+002  8.6584365e+002  3.6139566e+001  6.8219968e+000  3.0271044e+001
  1.9441500e+003  4.2031656e+002  1.0357887e+003  2.7310199e+001  5.1107469e+000  1.8315977e+001
  2.1905871e+003  7.5733794e+002  2.0432329e+003  6.1922083e+001  7.5108145e+000  1.2675132e+001
  2.2738527e+003  7.1597317e+002  2.9845585e+003  6.0547795e+001  5.5902612e+000  1.5384817e+001
  2.6269431e+003  6.2413890e+002  2.5670979e+003  2.8960780e+001  3.2097320e+000  1.2032654e+001
  2.0722594e+003  4.2496423e+002  1.2902768e+003  1.4129710e+001  2.7701058e+000  8.5356628e+000
  1.2569155e+003  7.4505922e+002  6.3075390e+002  1.2883954e+001  2.4924475e+000  8.9619821e+000
  3.0854770e+003  2.6911952e+003  4.4079114e+003  1.8274841e+002  6.4577017e+001  5.4197086e+002
  5.1132374e+003  2.5234689e+003  1.0359317e+004  4.9716495e+002  1.5894277e+002  1.0338362e+003
  3.6432660e+003  1.4083032e+003  8.1260824e+003  4.5665174e+002  1.0119923e+002  5.1537332e+002
  2.6700236e+003  1.8853488e+003  1.5508309e+003  8.1339443e+001  1.5992928e+001  6.2057784e+001
  3.1361653e+003  2.5164902e+003  5.8210401e+002  1.0682614e+001  3.9983411e+000  5.3351249e+000
  1.8265281e+003  1.5087789e+003  5.3172481e+002  3.2283295e+001  6.6054741e+001  2.2507928e+001
  1.0876983e+003  1.2267847e+003  1.0530833e+003  4.2598905e+001  7.0084568e+001  2.4262286e+001
  1.5424839e+003  1.0877413e+003  1.3445555e+003  3.0045417e+001  1.6230008e+001  1.2516098e+001
  1.5366143e+003  1.6387120e+003  9.4270731e+002  2.3163949e+001  1.1521211e+001  1.1203623e+001
  1.0113840e+003  8.9414974e+002  5.0360075e+002  4.9761335e+000  1.0741299e+000  1.5249576e+000
  6.2319831e+002  3.4185135e+002  2.5087705e+002  2.2772284e+000  3.0853008e-001  1.2024078e+000
  6.8883362e+002  2.3562622e+002  2.0647475e+002  4.9546859e+000  5.7073816e-001  1.1748696e+000
  4.4671332e+002  7.9298373e+001  1.6747495e+002  2.6514003e+000  5.2393851e-001  4.2467665e-001
  3.1012578e+002  8.3104158e+001  1.1863640e+002  1.1476645e+000  2.2678650e-001  4.7093994e-001
  6.6756665e+002  1.1965996e+002  3.5735055e+002  3.4229304e+000  1.0456389e+000  1.2956824e+000
  1.0335460e+003  4.3109463e+002  8.2591506e+002  1.4589846e+001  2.4526213e+000  2.2437263e+000
  1.0666116e+003  7.3032217e+002  1.3094088e+003  1.4750098e+001  2.7323577e+000  4.5831908e+000
  1.3790547e+003  6.1927503e+002  1.3157012e+003  1.5794609e+001  6.1744838e+000  1.6397901e+001
  1.1342407e+003  6.7108060e+002  7.3734492e+002  2.2786453e+001  7.0026068e+000  1.7150642e+001
  1.9217253e+003  8.8318066e+002  1.0395327e+003  3.7220986e+001  5.8451204e+000  1.8451086e+001
  2.7474789e+003  1.3723487e+003  1.2271278e+003  4.0655408e+001  7.8494463e+000  4.1079014e+001
  7.9852802e+003  4.7395594e+003  1.2783790e+004  4.5334660e+002  1.9409266e+002  2.7363500e+002
  7.6506518e+003  5.0122189e+003  1.6104616e+004  8.1242403e+002  3.6687927e+002  4.4830994e+002
  3.8859660e+003  1.7271788e+003  5.3779904e+003  3.7741470e+002  1.7961071e+002  2.0879721e+002
  7.6110975e+003  1.1505265e+003  5.7349358e+003  3.2230458e+002  5.2562179e+001  6.7654943e+001
  6.1350484e+003  8.6650809e+002  5.9535899e+003  2.7005000e+002  4.2284935e+001  1.1083890e+002
  3.5387448e+003  1.1483544e+003  2.6830126e+003  6.1354309e+001  2.0996298e+001  9.7212448e+001
  2.5158037e+003  1.1070393e+003  1.4497104e+003  3.3498046e+001  6.4708892e+000  3.3311595e+001
  2.1348429e+003  9.0874412e+002  1.3135506e+003  4.4192582e+001  5.0769712e+000  4.0803413e+001
  1.9052692e+003  1.0914719e+003  1.7684877e+003  6.8698544e+001  1.0627977e+001  4.7456052e+001
  2.3126988e+003  7.6524902e+002  1.7083992e+003  1.1293077e+002  2.0544800e+001  3.4249469e+002
  2.0883679e+003  8.3332263e+002  2.4988587e+003  1.6494504e+002  2.4356956e+001  3.4261879e+002
  1.8538413e+003  1.2290085e+003  2.3060202e+003  9.6611305e+001  7.7224375e+000  8.3861989e+001
  7.2515008e+002  7.8465544e+002  1.1805689e+003  1.5671180e+001  2.8573211e+000  9.2667857e+000
  5.7799771e+002  2.9171979e+002  7.0024380e+002  8.4467776e+000  1.6837648e+000  4.9534053e+000
  1.4344314e+003  2.2737411e+002  1.3896259e+003  7.3158100e+001  4.2562064e+000  2.4697245e+001
  1.6850063e+003  2.0941735e+002  1.5853354e+003  6.2605749e+001  4.2454411e+000  2.3963834e+001
  8.8893090e+002  2.1779427e+002  8.0509523e+002  1.1114853e+001  1.6633283e+000  2.8491180e+000
  4.6431831e+002  9.8625029e+001  4.6712387e+002  9.7056888e+000  1.3048160e+000  3.0334459e+000
  1.4879732e+002  2.4886378e+001  8.8694885e+001  4.9547660e+000  2.6364179e-001  1.3071547e+000
  1.4050048e+001  5.8373297e+000  1.3137714e+001  4.5953107e-001  7.2165936e-002  1.7632115e-001
  2.1545912e+001  2.5031771e+001  3.9589440e+001  4.1255153e-001  1.4554765e-001  3.0026843e-001
  2.5424439e+002  4.3124341e+002  2.3514067e+002  2.4751163e+000  4.7545532e-001  1.8989214e+000
  3.4463026e+002  4.9738436e+002  3.2169390e+002  2.7916550e+000  5.1506615e-001  2.0718511e+000
  3.4325796e+002  2.1339453e+002  2.9848126e+002  6.2618634e+000  6.9600165e-001  2.4741755e+000
  5.3525500e+002  3.6653620e+002  5.4473198e+002  9.8525784e+000  1.6248949e+000  3.4090125e+000
  4.0774557e+002  2.4076693e+002  4.7388580e+002  7.1028816e+000  1.8459657e+000  3.1126211e+000
  4.5103505e+002  1.2144309e+002  3.3016444e+002  6.9350341e+000  1.3984267e+000  2.1980208e+000
  4.2256599e+002  1.0788977e+002  1.9302872e+002  1.6744835e+000  5.3853125e-001  1.1729868e+000
  1.8052324e+002  7.9824570e+001  5.2717770e+001  6.2352598e-001  1.0706377e-001  2.5528843e-001
  7.2554847e+002  3.0412912e+002  3.6409185e+002  3.7855806e+000  6.3660346e-001  2.0396899e+000
  8.1515342e+002  2.5590751e+002  5.4149733e+002  5.8155289e+000  8.0556435e-001  2.2615876e+000
  6.1350093e+002  3.4744236e+002  1.2053191e+003  8.4885676e+000  1.4261924e+000  8.9994528e+000
  7.8301989e+002  5.4471396e+002  1.7175040e+003  1.8116878e+001  2.2826039e+000  1.0212737e+001
  6.3940301e+002  4.0628679e+002  1.3867171e+003  3.4063780e+001  3.0893589e+000  2.4506293e+001
  1.2057487e+003  4.2155275e+002  1.3331858e+003  4.7922620e+001  7.8263288e+000  3.7494510e+001
  2.0259531e+003  3.4087655e+002  2.1598480e+003  3.1638895e+001  7.5900319e+000  1.9299339e+001
  2.0864929e+003  7.2677234e+002  1.9470630e+003  1.4707293e+001  2.0125240e+000  4.5700947e+000
  2.2117401e+003  8.8505586e+002  1.1575112e+003  7.3539823e+000  2.1418276e+000  7.5889074e+000
  1.7735420e+003  1.1783278e+003  1.3988249e+003  3.5573911e+001  4.8550998e+000  2.2753259e+001
  6.9034565e+002  5.6423815e+002  1.8803366e+003  3.6341053e+001  4.7980438e+000  1.3870867e+001
  5.3947993e+002  3.1258500e+002  1.0529613e+003  1.2967880e+001  3.1274441e+000  1.1670290e+001
  4.1366590e+002  1.0345040e+002  2.8191376e+002  8.3886628e+000  1.8309292e+000  9.0201453e+000
  3.4911601e+002  1.9403854e+002  7.8369223e+002  5.1409789e+000  6.8133664e+000  1.1328010e+001
  1.6361890e+003  2.8018937e+002  1.2538053e+003  1.4569678e+001  8.4588813e+000  1.8044314e+001
  1.3351011e+003  1.8816854e+002  8.6436625e+002  1.1725895e+001  4.7738836e+000  1.6340093e+001
  7.5239980e+001  3.4363005e+001  4.5335476e+001  5.0373842e+000  6.7580485e-001  4.7195959e+000
  5.0518319e+001  4.1180906e+001  3.7416438e+001  4.4989144e+000  7.4243972e-001  5.0879326e+000
  1.6709445e+002  2.7011838e+002  2.3270394e+002  6.2384362e+000  7.4708655e-001  4.2527614e+000
  2.0447392e+002  3.2795074e+002  3.5934255e+002  6.4635361e+000  9.0922180e-001  2.8828041e+000
  1.8712108e+002  1.9669478e+002  3.5695947e+002  5.6852834e+000  8.8257213e-001  1.9508454e+000
  8.9597727e+001  1.0317285e+002  2.2914484e+002  3.7921921e+000  9.1762400e-001  1.4836146e+000
  1.0029905e+002  4.5462813e+001  1.3161722e+002  1.9511162e+000  6.6396992e-001  6.4365479e-001
  6.6546195e+001  2.7580924e+001  1.0821840e+002  2.8310355e+000  1.9246661e-001  6.1786597e-001
  2.7969985e+001  1.2661703e+001  3.7989124e+001  2.9246107e+000  1.8154480e-001  5.4667782e-001
  1.7823618e+001  9.5109381e+000  2.5207023e+001  2.2751840e+000  2.1467193e-001  4.4115959e-001
  1.4759654e+002  7.5692375e+001  1.4678525e+002  2.6150062e+000  2.8922758e-001  8.8246268e-001
  1.3923497e+002  9.8612564e+001  1.4461055e+002  2.1071109e+000  9.0065029e-001  1.9379012e+000
  5.9600538e+002  3.2697916e+002  4.5626398e+002  5.0652643e+000  4.0743428e+000  1.6617884e+001
  1.6818695e+003  6.4294318e+002  1.9922870e+003  1.5270763e+001  5.4321549e+000  1.6009090e+001
  5.9749267e+002  4.0016872e+002  1.2128768e+003  1.8802709e+001  4.2155320e+000  1.4944720e+001
  4.3110278e+002  1.4479854e+002  3.2754144e+002  1.1817674e+001  3.2643440e+000  1.0358447e+001
  2.7848871e+002  1.1581076e+002  2.9973100e+002  1.2901495e+001  1.7656094e+000  6.0815469e+000
  4.6467250e+002  1.8294087e+002  3.3626901e+002  1.3439225e+001  3.0034030e+000  9.3724653e+000
  1.8321325e+003  2.6357820e+002  8.9364506e+002  2.9872188e+001  4.9280332e+000  1.1113223e+001
  1.1862711e+003  1.5021840e+002  5.2078763e+002  1.8962587e+001  2.8919478e+000  5.6656659e+000
  3.8078864e+001  2.0264172e+001  3.7176133e+001  1.3645596e+000  4.0817619e-001  1.0984427e+000
  8.1104091e+001  9.6645808e+001  6.9040651e+001  1.2155413e+000  3.9241937e-001  1.0343350e+000
  1.0332548e+002  1.1704819e+002  1.3272707e+002  1.0715592e+000  1.3617748e-001  7.1497457e-001
  3.1771741e+002  1.6608316e+002  9.2525310e+002  4.3566400e+000  3.8690134e-001  3.4267283e+000
  3.7161129e+002  2.2429999e+002  1.1026435e+003  8.6016406e+000  8.6199004e-001  4.7004854e+000
  9.4607083e+002  6.0412058e+002  1.2884622e+003  1.5337037e+001  3.6369294e+000  2.1015301e+001
  1.0922408e+003  6.5807525e+002  1.8860376e+003  7.4218690e+001  1.0092691e+001  5.2705833e+001
  9.1650654e+002  5.8869398e+002  1.4869242e+003  7.6850456e+001  9.3408891e+000  3.8739368e+001
  5.2468995e+002  5.1292125e+002  5.9969849e+002  2.4555193e+001  2.3087224e+000  1.8737293e+001
  7.2353150e+002  3.4203195e+002  1.9276998e+002  2.2927493e+001  2.7384672e+000  5.6092196e+000
  1.9940490e+003  6.9432347e+002  1.3318510e+003  1.1094547e+002  2.3934326e+001  3.0296847e+001
  1.6821022e+003  8.8921664e+002  1.1648798e+003  1.0984766e+002  2.4180161e+001  4.0813246e+001
  2.1256293e+003  1.3294340e+003  1.4707046e+003  7.9409531e+001  1.4309757e+001  8.8711838e+001
  6.2008661e+003  3.3908618e+003  3.7045542e+003  1.7438587e+002  5.5353674e+001  1.3705455e+002
  9.5765825e+003  3.2393945e+003  1.1067023e+004  2.1729188e+002  1.6307945e+002  3.4732863e+002
  5.4500115e+003  1.6132439e+003  8.8340761e+003  1.6188363e+002  1.2469528e+002  3.1695811e+002
  7.0805601e+002  4.2310380e+002  8.0886859e+002  1.7933766e+001  4.1224604e+000  1.0220014e+001
  9.0219114e+002  4.2803051e+002  3.2917297e+002  6.8147462e+000  2.2297569e+000  2.5974697e+000
  1.7817796e+003  1.0678037e+003  1.3010918e+003  1.3820757e+001  1.8982517e+000  3.0361608e+000
  2.0411725e+003  1.7860873e+003  1.2773695e+003  1.7105540e+001  5.8930827e+000  1.5453426e+001
  1.5097320e+003  1.7180347e+003  9.9565504e+002  1.7467238e+001  5.1942381e+000  1.4516603e+001
  1.0731993e+003  5.0140886e+002  1.0486367e+003  1.1115645e+001  1.0846564e+000  3.7786699e+000
  1.0629884e+003  1.6271572e+003  1.3668710e+003  4.1297538e+001  1.8103834e+000  3.8496559e+000
  5.1407263e+002  1.3367736e+003  7.4664487e+002  1.2934161e+001  1.2726375e+000  4.0438375e+000
  1.6243366e+002  1.3661264e+002  8.1794748e+001  3.1457051e+001  4.7154029e+000  1.7377225e+001
  2.7009063e+002  3.4134108e+002  2.8293193e+002  3.7039565e+001  5.3968380e+000  1.7315528e+001
  4.1000228e+002  4.9832114e+002  4.2556874e+002  1.5524942e+001  2.7661531e+000  7.1633527e+000
  4.2451113e+002  2.5482119e+002  1.7039244e+002  3.6808727e+000  7.3281958e-001  4.0064475e+000
  6.8820402e+002  2.0965771e+002  2.0818067e+002  5.8270231e+000  5.2393283e-001  1.9587660e+000
  1.1175561e+003  3.4594436e+002  4.0823210e+002  8.1317839e+000  7.3406092e-001  4.1234693e+000
  1.9619221e+003  6.9518019e+002  8.1489389e+002  3.5555456e+001  4.7164795e+000  3.1647267e+001
  1.1410477e+004  2.1759827e+003  1.1269616e+004  9.3538640e+002  1.8632660e+002  5.4486569e+002
  1.3468930e+004  2.4012205e+003  1.6569823e+004  1.1747739e+003  3.1260847e+002  6.9097003e+002
  3.7390908e+003  1.0193261e+003  4.1037810e+003  4.2206847e+002  8.1485825e+001  2.5693564e+002
  1.8727105e+003  5.3155511e+002  2.0868844e+003  4.0946106e+001  3.7288026e+000  1.9222736e+001
  2.8303430e+003  5.8548043e+002  3.1597180e+003  1.0072892e+002  2.5254553e+001  1.0212907e+002
  8.0036046e+003  1.0829588e+003  3.7261112e+003  2.4203817e+002  5.5727630e+001  1.3365222e+002
  5.7026676e+003  1.2102951e+003  3.0871957e+003  1.5750469e+002  2.6420171e+001  4.4772114e+001
  9.4267737e+002  7.3329983e+002  1.9658510e+003  4.9064603e+001  4.3615459e+000  2.4170479e+001
  1.2996902e+003  5.6181723e+002  8.7525422e+002  1.0948724e+002  1.0515960e+001  4.3428997e+001
  1.5583741e+003  1.1304609e+003  1.2291798e+003  1.1733567e+002  8.8075866e+000  8.4331639e+001
  5.8791938e+002  6.4030087e+002  4.8091042e+002  4.1376246e+001  3.6685621e+000  2.1468048e+001
  5.6782286e+001  7.3232633e+001  4.7449792e+001  1.2392891e+001  3.1338258e-001  2.8975967e+000
  1.2230404e+002  1.1564489e+002  7.3791370e+001  1.2442675e+001  1.4528407e+000  3.0485714e+000
  3.4999200e+002  3.7693256e+001  7.3132047e+001  7.0971103e+000  2.9008274e+000  3.4733187e+000
  3.5555419e+002  3.8862155e+001  7.9224301e+001  5.9976131e+000  1.2004543e+000  2.4821051e+000
  2.2160313e+002  1.7435063e+002  1.9537130e+002  1.3073066e+001  3.3460668e+000  4.2850403e+000
  8.1997692e+002  8.9112541e+002  1.0023904e+003  2.3868101e+001  7.5390180e+000  2.8976105e+001
  9.4908949e+002  9.6079327e+002  1.1870286e+003  1.1668174e+001  4.9777292e+000  2.1476251e+001
  8.1928439e+002  1.0168874e+003  5.8680006e+002  3.9872767e+000  7.7674966e-001  3.5346306e+000
  5.6684699e+002  4.4318581e+002  3.7640951e+002  3.5542709e+000  5.6840139e-001  3.1781345e+000
  3.1515679e+002  2.0190617e+002  6.2747686e+002  1.4917164e+000  3.9420313e-001  8.6148439e-001
  1.0611338e+003  4.9384304e+002  1.4914308e+003  1.7495589e+001  1.9298250e+000  9.4764328e+000
  1.3196061e+003  5.5817051e+002  1.8251000e+003  5.0336307e+001  1.0851359e+001  3.4166666e+001
  6.0230998e+002  2.8372821e+002  6.0727291e+002  4.0055569e+001  8.2206667e+000  2.5841380e+001
  1.7489433e+002  8.9807372e+001  1.2173636e+002  5.0405273e+000  4.9643092e-001  2.1027416e+000
  4.7295226e+002  8.0580851e+002  3.1711643e+002  1.1762705e+001  9.2931368e-001  2.4247689e+000
  4.6228353e+002  1.6975929e+003  3.6127074e+002  1.0212328e+001  1.0684236e+000  2.2688902e+000
  1.9261066e+002  1.3688973e+002  2.3184566e+002  1.9893085e+000  4.5971548e-001  1.3329851e+000
  2.7637891e+002  1.0294279e+002  1.8872529e+002  2.5791086e+000  6.9523995e-001  2.0387326e+000
  5.2259926e+002  4.7140025e+002  2.3911453e+002  1.3328976e+001  2.8213835e+000  4.7596997e+000
  5.6459322e+002  4.1497889e+002  4.0167176e+002  1.9716228e+001  2.8650103e+000  8.1260254e+000
  4.1873298e+002  2.1961623e+002  4.0035220e+002  1.5082917e+001  1.5426426e+000  8.0096858e+000
  5.4342361e+002  1.4546472e+002  4.0337064e+002  9.0187377e+000  1.6496825e+000  5.7535733e+000
  6.7486326e+002  2.8351237e+002  3.3023747e+002  5.2126902e+000  1.4341871e+000  5.5350717e+000
  5.7973712e+002  2.8841008e+002  3.3356675e+002  2.2081329e+000  1.3314699e+000  3.6586533e+000
  3.7781130e+003  5.7786445e+002  7.1067301e+002  2.4400640e+001  6.9607257e+000  1.7901729e+001
  3.0786689e+003  6.6254846e+002  1.0220919e+003  7.0044698e+001  7.0345928e+000  2.5088087e+001
  5.8069763e+002  2.9427118e+002  7.1605286e+002  1.6602785e+001  1.0849230e+000  5.7728591e+000
  7.7947659e+002  1.6771719e+002  6.3114343e+002  2.5820995e+001  3.6474037e+000  7.3142834e+000
  2.0390556e+003  1.5305719e+003  1.5162615e+003  7.8472302e+001  8.1355908e+000  2.6594055e+001
  1.4990837e+003  1.7188797e+003  1.3128377e+003  6.5670414e+001  6.1477242e+000  1.9926133e+001
  1.7755506e+003  1.2023143e+003  1.6393143e+003  4.5985770e+001  6.3556694e+000  3.4104138e+001
  1.7149920e+003  9.6960887e+002  1.3625181e+003  1.7930454e+001  5.3052905e+000  2.8091853e+001
  5.9977594e+002  1.2723706e+002  3.2992881e+002  6.0565502e+000  2.9295370e+000  5.7147774e+000
  3.4914787e+001  3.2514644e+001  4.7979907e+001  1.4544864e+000  2.0473916e-001  5.2143974e-001
  2.6672270e+001  2.1148721e+001  2.9948158e+001  2.4609508e+000  2.5109718e-001  7.8810121e-001
  2.4343495e+001  2.5680761e+001  4.9518492e+001  2.5882851e+000  2.8777695e-001  7.7404867e-001
  1.1201122e+002  9.1085794e+001  1.2890609e+002  3.7737844e+000  6.9596302e-001  2.5917879e+000
  1.0986709e+002  7.7440316e+001  1.3328575e+002  3.8397213e+000  7.3741061e-001  2.9831230e+000
  7.6888135e+001  3.8153324e+001  3.8614266e+001  2.0406255e+000  5.9822045e-001  1.4024654e+000
  1.6879989e+002  6.0561613e+001  8.1859353e+001  3.9264866e+000  8.0367439e-001  2.6368181e+000
  1.2300314e+002  6.3230644e+001  8.3948931e+001  8.1630923e+000  5.1234075e-001  2.6111429e+000
  2.6199815e+001  1.3880864e+001  2.4797388e+001  4.8868984e+000  3.1068695e-001  1.0573531e+000
  4.1922089e+001  1.1399962e+001  3.3726150e+001  4.9511211e+000  2.9091353e-001  1.2478881e+000
  6.1566806e+001  3.5793171e+001  3.3663613e+001  8.6167606e+000  3.3641474e-001  2.1143302e+000
  1.4806995e+002  6.1143959e+001  8.6477990e+001  1.0149908e+001  3.0570165e-001  2.5530678e+000
  2.3932472e+002  1.0770564e+002  3.6121393e+002  6.3547446e+000  5.4352856e-001  2.8200249e+000
  2.0169015e+002  1.3452115e+002  3.2915145e+002  2.9866995e+000  7.2611756e-001  2.0443577e+000
  8.0423152e+001  5.8130614e+001  8.0378657e+001  4.4393557e+000  1.2862569e+000  1.1844759e+000
  3.7717022e+001  3.1214547e+001  4.5159047e+001  8.2897232e+000  1.1977996e+000  1.0349333e+000
  9.8715245e+001  1.2487788e+001  3.1207098e+001  9.8507389e+000  1.2400953e+000  1.1406233e+000
  1.0025874e+002  9.7954835e+000  3.6715104e+001  9.6943350e+000  8.9613035e-001  1.1622521e+000
  1.0402860e+002  1.0981845e+002  1.7483368e+002  8.5950556e+000  5.6050981e-001  1.0024878e+000
  2.6926790e+002  2.9907380e+002  3.9872069e+002  1.1751235e+001  8.7599948e-001  3.3060671e+000
  2.6224583e+002  2.4718387e+002  3.1945080e+002  1.1962521e+001  8.8713627e-001  7.3926513e+000
  6.1355157e+001  1.6524944e+001  3.4873698e+001  5.2911747e+000  4.6537698e-001  4.5281963e+000
  2.6103304e+001  1.8506257e+001  2.8691630e+001  5.8349618e+000  6.9192571e-001  3.0070447e+000
  3.2154535e+001  1.5667969e+001  2.3781493e+001  5.3381819e+000  9.7344653e-001  3.5050215e+000
  3.8843129e+001  1.4308507e+001  1.9722187e+001  4.1997218e+000  6.9294918e-001  1.7033774e+000
  7.4862779e+001  1.8775563e+001  5.5310574e+001  3.5758509e+000  2.9726362e-001  2.1297423e+000
  7.3983157e+001  1.6577422e+001  7.1274456e+001  5.1233243e+000  6.5805654e-001  2.2115747e+000
  4.4011464e+001  1.1298999e+001  5.2599818e+001  6.2049653e+000  6.3491971e-001  3.5771409e+000
  1.0185327e+002  9.6095599e+001  7.5747611e+001  5.2932881e+000  9.4288259e-001  4.4517829e+000
  9.6963402e+001  1.1927517e+002  1.2489312e+002  2.1858566e+000  8.9666595e-001  2.3987523e+000
  5.7993092e+001  5.4408974e+001  1.0507975e+002  1.2890753e+000  1.9080173e-001  1.2375409e+000
  4.7396231e+001  4.1763477e+001  5.6491481e+001  1.1632269e+000  2.5688027e-001  1.1397800e+000
  1.0595434e+002  5.1338916e+001  1.6159271e+002  1.2034373e+000  2.7314766e-001  5.6245267e-001
  1.8848768e+002  4.5064614e+001  2.2544233e+002  3.6715736e+000  1.9179896e-001  6.8754569e-001
  1.8537937e+002  4.8010853e+001  1.6333629e+002  4.2090248e+000  2.4847486e-001  8.5494047e-001
  1.9466225e+002  7.6566238e+001  1.7414449e+002  4.8069544e+000  3.9844631e-001  1.8452118e+000
  5.7610803e+002  3.5855390e+002  5.0939106e+002  7.4862731e+000  1.4633680e+000  4.4925612e+000
  4.7112792e+002  2.6575521e+002  2.7731145e+002  7.6587260e+000  9.9752392e-001  3.0377110e+000
  4.3873571e+002  1.4323087e+002  1.7366577e+002  4.2600790e+000  5.7571802e-001  2.4419632e+000
  4.2512838e+002  1.1636372e+002  1.8823730e+002  5.6760709e+000  5.8756376e-001  3.6159480e+000
  4.4385666e+002  2.4647487e+002  4.5961870e+002  1.2188931e+001  1.3694717e+000  5.1902645e+000
  9.1004547e+002  4.4460043e+002  7.2568215e+002  2.2149317e+001  1.9086635e+000  7.2040951e+000
  7.1981896e+002  1.2344499e+002  6.7062941e+002  1.4133094e+001  1.5352366e+000  7.7715771e+000
  8.1904363e+002  1.7398020e+002  4.9862925e+002  9.6923555e+000  6.8050554e-001  2.2175309e+000
  1.0363178e+003  3.6541127e+002  8.4523896e+002  4.2325352e+001  8.7869383e+000  1.2505352e+001
  1.9216324e+003  4.5813139e+002  1.5078279e+003  1.7389251e+002  2.3606668e+001  4.0732349e+001
  2.7677644e+003  5.6684113e+002  1.6727198e+003  1.2614163e+002  1.6704677e+001  4.1667255e+001
  6.1457342e+003  2.6207937e+003  6.5241608e+003  2.0629168e+002  7.9430561e+001  1.2420805e+002
  7.1355698e+003  3.3092247e+003  1.4263039e+004  7.3702929e+002  2.1688319e+002  4.0129092e+002
  3.5908143e+003  1.3404862e+003  6.6829300e+003  6.3267534e+002  1.4797450e+002  3.5820813e+002
  1.3186028e+003  5.0436572e+002  5.9351334e+002  1.2951300e+002  2.1497471e+001  5.9349989e+001
  5.4151056e+002  5.0599773e+002  3.9241733e+002  2.0751510e+001  5.1076201e+000  2.1375715e+001
  1.9869097e+003  8.3253737e+002  8.1573225e+002  1.6114350e+001  7.6937955e+000  9.4180166e+000
  3.5619425e+003  1.8413140e+003  2.7107871e+003  7.1742326e+001  9.4096969e+000  7.6445850e+000
  5.0196188e+003  1.5670517e+003  4.3947235e+003  1.1167196e+002  1.6814178e+001  8.2348299e+001
  3.6570140e+003  2.2060845e+003  4.0723640e+003  2.5419197e+002  2.6790408e+001  9.8963824e+001
  1.9258013e+003  1.5645084e+003  1.4826825e+003  1.4704071e+002  1.4738745e+001  2.4055741e+001
  1.3326726e+003  7.1195465e+002  5.6994273e+002  4.5218477e+000  8.8865711e-001  2.5174325e+000
  2.0765342e+003  5.8490848e+002  6.3441825e+002  1.0557485e+001  9.3241255e-001  4.0700847e+000
  2.0326112e+003  2.6162185e+002  4.4878385e+002  9.4641270e+000  5.1133835e-001  3.4886113e+000
  8.5732226e+002  9.4003332e+002  5.6709543e+002  2.1231274e+001  3.8853146e+000  1.0495623e+001
  1.7005476e+003  1.0904839e+003  1.1561384e+003  6.2086209e+001  8.5139751e+000  2.6524386e+001
  7.1215748e+003  2.9711468e+003  7.4202325e+003  3.5373803e+002  9.0111382e+001  4.8831868e+002
  7.6830303e+003  3.1104860e+003  9.3514308e+003  3.2152511e+002  1.1984783e+002  4.9643888e+002
  1.8638303e+003  9.2214084e+002  2.2579286e+003  1.0609868e+002  4.5099289e+001  7.3154401e+001
  7.2168227e+003  1.4198991e+003  5.0848745e+003  2.1665936e+002  3.6835216e+001  3.0491193e+002
  7.4265161e+003  1.1338573e+003  4.7906038e+003  2.1737884e+002  3.5903903e+001  3.0790231e+002
  1.6444965e+003  4.6692616e+002  1.9303725e+003  1.2903687e+002  2.1883877e+001  8.4395040e+001
  1.0212240e+003  5.9953169e+002  2.0138453e+003  7.8783278e+001  1.9648315e+001  6.5636973e+001
  1.6701294e+003  1.5802256e+003  2.0350203e+003  3.8151863e+001  5.1066666e+000  4.2426318e+001
  2.1057048e+003  1.2892686e+003  1.6074433e+003  1.9645054e+001  3.1835551e+000  2.8248488e+001
  1.5191588e+003  9.7365905e+002  1.1526031e+003  2.5073120e+001  3.3399495e+000  7.6583526e+000
  1.4152130e+003  9.4621455e+002  9.6136282e+002  2.8453768e+001  2.5653644e+000  6.7594178e+000
  2.3122245e+002  6.9066947e+002  4.7549607e+002  7.5646594e+000  1.0206749e+000  3.9558662e+000
  4.0106397e+002  4.5887520e+002  3.5631162e+002  8.5730052e+000  1.0969852e+000  5.4607890e+000
  1.2478157e+003  3.3752147e+002  5.7815541e+002  1.2922753e+001  2.2245195e+000  8.8163747e+000
  2.0033875e+003  5.5984431e+002  9.2769247e+002  3.0285988e+001  3.0334672e+000  1.7003950e+001
  6.8205666e+002  4.3098933e+002  6.8585754e+002  1.4190015e+001  2.3284090e+000  2.0453590e+001
  2.3680563e+002  3.7408178e+002  3.4985845e+002  9.3196642e+000  2.5734357e+000  1.5535090e+001
  1.0369035e+002  1.0073627e+002  1.5980529e+002  4.4092924e+000  7.0720902e-001  3.5696231e+000
  2.7767573e+002  3.9598065e+001  5.6702712e+001  3.2980734e+000  4.3849227e-001  1.7986450e+000
  3.1259104e+002  5.1942602e+001  1.2696319e+002  3.6902818e+000  3.8729867e-001  1.2864766e+000
  1.6996015e+002  1.2910781e+002  1.5017800e+002  4.8981778e+000  3.9031175e-001  9.3716384e-001
  1.9927992e+002  1.3054464e+002  1.0644225e+002  3.7492396e+000  4.6499786e-001  9.6927429e-001
  1.5496097e+002  5.3259058e+001  8.7214296e+001  3.9589358e+000  4.0154064e-001  1.4537705e+000
  2.7087031e+002  1.4961464e+002  2.8387664e+002  1.9439718e+001  1.0091599e+000  6.5802986e+000
  2.3569058e+002  1.0240579e+002  2.8073387e+002  1.8728493e+001  1.4062916e+000  9.2481872e+000
  1.5087023e+002  1.2490322e+002  3.0129759e+002  3.2199758e+001  4.2918929e+001  1.7691476e+001
  5.1251299e+002  2.3680113e+002  4.1385617e+002  4.5750739e+001  5.4483020e+001  2.1377250e+001
  6.8950173e+002  8.1828123e+001  1.8046934e+002  8.7551905e+000  7.9708438e+000  6.1623850e+000
  3.3879710e+002  6.7847488e+001  2.0612273e+002  6.1135475e+000  2.0998557e+000  6.6618878e+000
  1.8979352e+003  9.8058046e+001  2.5223409e+003  6.3771500e+001  1.9300174e+001  1.9078450e+002
  3.4149153e+003  1.9247738e+002  3.3624679e+003  1.8925950e+002  7.1284775e+001  5.3821381e+002
  1.2517030e+003  1.6375297e+002  2.1690456e+003  1.2165065e+002  5.2945102e+001  2.9285464e+002
  1.9606648e+002  5.7590764e+001  8.9349881e+001  3.2960853e+000  7.3902639e-001  3.2890520e+000
  1.6421407e+002  1.1402935e+002  2.2205868e+002  4.0801428e+000  5.1704525e-001  2.2271354e+000
  3.6763852e+002  1.1688759e+002  3.7414665e+002  6.9722675e+000  4.1920827e-001  2.3407191e+000
  5.2430349e+002  1.8509117e+002  4.2098625e+002  3.5850380e+001  1.2395160e+000  1.7910816e+001
  4.3185973e+002  1.7240720e+002  3.1384287e+002  4.0035139e+001  1.5011106e+000  1.5909908e+001
  1.2403517e+002  9.2017064e+001  2.0129687e+002  5.5047674e+000  4.1779352e-001  1.5897989e+000
  4.1105423e+002  1.1117416e+002  3.7064834e+002  4.1293034e+000  4.2342340e-001  6.2461795e-001
  2.7573127e+002  1.3852582e+002  4.0493466e+002  2.2519572e+000  4.5557975e-001  1.1046573e+000
  1.1661043e+002  1.7243229e+002  7.1872666e+001  2.8324910e+000  6.3356002e-001  1.9249525e+000
  2.8256332e+002  1.8930150e+002  8.7131331e+001  2.9298015e+001  8.3723948e-001  7.0637702e+000
  2.9010030e+002  1.5762063e+002  1.0229689e+002  3.0352638e+001  1.0415029e+000  7.0788553e+000
  1.7194724e+002  1.0245063e+002  1.8655328e+002  3.4143894e+000  1.0280873e+000  2.4481629e+000
  2.6699160e+002  8.1051899e+001  1.8422732e+002  4.0047351e+000  1.5464991e+000  2.3807003e+000
  3.0110347e+002  5.4112110e+001  6.7961361e+001  4.9040138e+000  1.4910769e+000  3.3531284e+000
  3.2251813e+002  8.9412363e+001  2.8510418e+002  3.7913524e+000  1.2323565e+000  4.3755637e+000
  2.5037271e+002  7.5740287e+001  2.4571078e+002  2.3489623e+000  1.3811082e+000  2.9377097e+000
  2.2693912e+002  5.5553506e+001  1.7260643e+002  9.8461256e+000  3.4925519e+000  2.6156537e+000
  2.1999128e+002  5.4237809e+001  1.4879656e+002  1.0571871e+001  3.9212003e+000  2.6317464e+000
  8.8873484e+001  5.7557548e+001  5.7763571e+001  4.4711390e+000  2.0079393e+000  1.5214217e+000
  1.9087972e+002  5.2633947e+001  7.9918564e+001  5.7356901e+000  5.6526751e-001  2.3102996e+000
  1.9119128e+002  4.6638020e+001  6.8152700e+001  6.2876545e+000  3.8116911e-001  2.7702908e+000
  2.6732176e+002  9.4252663e+001  3.6084065e+002  2.2765834e+001  1.7829937e+000  2.5469350e+001
  2.6817525e+002  1.1625674e+002  3.8144596e+002  1.6885517e+001  2.1015941e+000  1.8206354e+001
  1.0948591e+002  6.9619502e+001  1.4103719e+002  5.2857471e+000  1.5807328e+000  3.8594408e+000
  2.2743114e+002  1.0367004e+002  2.5322699e+002  9.4355490e+000  1.1847736e+000  4.8015936e+000
  2.9694499e+002  1.2484208e+002  2.2070104e+002  8.3059756e+000  5.7314499e-001  3.4610794e+000
  1.3668698e+002  1.7329122e+002  1.2542861e+002  8.3411924e+000  7.1569109e+000  3.4364259e+000
  2.0054484e+002  2.1426204e+002  1.6781173e+002  1.1531538e+001  7.2526299e+000  4.3178166e+000
  2.1160246e+002  1.5027165e+002  6.1040320e+002  2.0419018e+001  3.5904795e+000  4.4629503e+000
  7.3435969e+002  2.4540616e+002  8.1433438e+002  2.5637190e+001  3.6236817e+000  6.4226046e+000
  6.0678239e+002  1.2230173e+002  3.1424408e+002  1.6574223e+001  9.1295460e-001  7.6282898e+000
  3.7027178e+002  1.0897164e+002  3.4323501e+002  2.0627105e+001  7.8718603e-001  8.2289248e+000
  1.6827546e+002  9.3813905e+001  2.8196263e+002  9.3391891e+000  4.4829565e-001  3.1485508e+000
  1.9466987e+002  4.0133769e+001  1.3220944e+002  9.0325949e+000  9.8928025e-001  6.3510171e+000
  5.1284443e+002  6.2497898e+001  2.5497891e+002  1.0930878e+001  1.0061470e+000  5.8888705e+000
  3.7683252e+002  6.9036278e+001  2.9564888e+002  6.7376174e+000  5.7085264e-001  5.8522192e+000
  6.9931835e+001  6.2665629e+001  7.1863704e+001  6.3951826e+000  6.8980699e-001  3.3383188e+000
  7.7334320e+001  6.5195275e+001  8.9017212e+001  8.0951584e+000  1.4957082e+000  7.4638263e+000
  1.5282029e+002  1.1082259e+002  1.3241970e+002  1.1747167e+001  2.2772048e+000  9.1546133e+000
  7.7018338e+002  3.3719586e+002  9.4460859e+002  4.4246243e+001  1.8859114e+000  7.7630544e+000
  8.9410037e+002  3.2192124e+002  9.4586443e+002  8.1384836e+001  4.1506473e+000  1.6163505e+001
  5.5677016e+002  1.7694211e+002  3.2903067e+002  3.4958145e+002  3.1655479e+001  1.1920799e+002
  9.7452319e+002  3.2379807e+002  3.8191652e+002  2.9760340e+002  3.1366695e+001  1.4851153e+002
  1.2281613e+003  8.1670082e+002  1.7010273e+003  3.5404306e+001  5.4805404e+000  3.4541186e+001
  1.0941728e+003  9.0116051e+002  2.2393330e+003  2.4128133e+001  1.1488657e+001  2.6856273e+001
  5.7155671e+002  4.7455050e+002  8.5228271e+002  2.0137129e+001  1.0773125e+001  2.4218442e+001
  4.5212667e+002  3.1306692e+002  2.0053532e+002  2.7489703e+001  1.4205791e+000  8.4266498e+000
  7.1296864e+002  2.8754616e+002  2.1882560e+002  2.1201960e+001  7.8171946e-001  7.1750233e+000
  8.2787347e+002  1.8281447e+002  5.7766613e+002  1.5365302e+001  4.2286526e+000  1.9137998e+001
  9.2030727e+002  1.8761966e+002  5.6484425e+002  3.3532819e+001  5.0085069e+000  1.4920227e+001
  7.4836428e+002  1.4635321e+002  5.8001209e+002  3.1762705e+001  1.6021080e+000  6.8088937e+000
  4.0351438e+002  1.1975817e+002  4.5481783e+002  1.6707120e+001  1.1410354e+000  6.3235618e+000
  5.8794794e+002  1.8287634e+002  3.8264819e+002  1.3405571e+001  1.6958005e+000  9.6645323e+000
  1.0839778e+003  3.2606499e+002  5.3017132e+002  1.9278893e+001  3.0731738e+000  9.9816837e+000
  1.1817419e+003  3.6076186e+002  4.9420918e+002  1.7638592e+001  3.0878673e+000  1.0452997e+001
  6.7390456e+002  1.8992723e+002  4.4293209e+002  1.2484615e+001  1.4434894e+000  7.3503587e+000
  2.5856918e+003  3.6365914e+002  1.7611069e+003  2.1854608e+001  4.8691143e+000  1.5860243e+001
  3.7399112e+003  8.6392317e+002  2.4772274e+003  3.1070183e+001  1.0037440e+001  2.6951392e+001
  1.7513418e+003  7.7509653e+002  1.5740340e+003  6.7204503e+001  1.0700393e+001  9.0637667e+001
  1.0570410e+003  4.1561864e+002  1.9454758e+003  1.5872655e+002  1.9521591e+001  1.0106016e+002
  1.8987893e+003  1.2511048e+003  2.8814146e+003  2.6221308e+002  4.7812567e+001  1.0201462e+002
  1.7483600e+003  1.4008066e+003  2.5425686e+003  2.0719508e+002  4.9893416e+001  8.6533424e+001
  1.1667417e+003  6.9557932e+002  6.9764747e+002  8.5465313e+001  1.2621276e+001  3.0203458e+001
  2.0832142e+003  1.5322712e+003  1.9116097e+003  2.8909454e+002  2.1576958e+001  5.7885052e+001
  1.9189190e+003  1.3123400e+003  1.7638674e+003  2.6842975e+002  2.0187739e+001  5.0126626e+001
  1.3124240e+003  7.6462356e+002  7.8325036e+002  3.9834472e+001  8.3194804e+000  2.1034286e+001
  7.4400123e+003  5.0677892e+003  1.5108222e+004  4.2887540e+002  2.8802801e+002  2.0135544e+002
  8.6310936e+003  5.3028307e+003  1.8748161e+004  5.8632360e+002  4.0148094e+002  3.0938418e+002
  2.1180788e+003  9.0747075e+002  2.9939372e+003  1.7612043e+002  5.4344006e+001  9.8667734e+001
  1.9299721e+003  9.0621246e+002  2.1265294e+003  9.5089256e+001  1.6592695e+001  3.2557251e+001
  1.1648998e+003  5.5895035e+002  9.1106493e+002  8.6985208e+001  1.6089560e+001  3.2805266e+001
  9.6258516e+002  5.1378041e+002  7.5080983e+002  4.2573208e+001  6.2370020e+000  1.9366478e+001
  2.8678484e+003  2.3459649e+003  7.1350320e+003  2.5857876e+002  6.9798846e+001  1.4539251e+002
  5.1510612e+003  2.4539321e+003  9.2224694e+003  4.0229449e+002  1.6458117e+002  4.7766639e+002
  3.7632652e+003  1.2149853e+003  4.9877688e+003  3.0375008e+002  1.3752872e+002  4.3887943e+002
  2.4890734e+003  9.7695461e+002  1.7937823e+003  8.1131316e+001  4.8562246e+001  1.1244080e+002
  1.8984127e+003  1.1009152e+003  9.0921186e+002  1.6909961e+001  1.2814589e+001  2.6799143e+001
  1.1348486e+003  1.0155369e+003  8.1538358e+002  1.4988869e+001  2.5406563e+000  1.5699772e+001
  6.3187669e+002  6.1151856e+002  6.6699628e+002  2.0123908e+001  2.1354414e+000  9.0796891e+000
  9.5467383e+002  5.3789785e+002  7.8748530e+002  2.5566819e+001  3.0176721e+000  8.0375449e+000
  1.1744658e+003  6.8301663e+002  8.6611340e+002  1.9535152e+001  2.6883240e+000  5.7048611e+000
  1.8423000e+003  8.8796709e+002  8.7421545e+002  1.0597603e+001  2.4643056e+000  4.8735266e+000
  2.1710953e+003  9.2597369e+002  9.2898905e+002  5.5647422e+000  5.2944501e+000  3.0008368e+000
  8.4378123e+002  4.7482043e+002  5.2760542e+002  4.3030467e+000  2.9981270e+000  1.3283055e+000
  7.7383615e+002  1.6775077e+002  3.3760018e+002  1.4893706e+000  7.4191692e-001  1.0308290e+000
  7.6869209e+002  9.6526217e+001  5.9906258e+002  5.2217492e+000  1.8077800e+000  3.6358846e+000
  1.1432306e+003  2.1613621e+002  9.7613803e+002  2.2227642e+001  2.5183392e+000  9.3943294e+000
  8.0519091e+002  6.5945659e+002  8.9384922e+002  6.1998174e+001  2.6773430e+001  7.2572312e+001
  4.7514323e+003  3.1927247e+003  1.1306582e+004  6.7684002e+002  1.9800154e+002  5.9430788e+002
  6.7032936e+003  3.2739211e+003  1.5310922e+004  1.0778582e+003  2.2576842e+002  6.0751393e+002
  2.4823240e+003  8.0505826e+002  4.9789984e+003  3.7771771e+002  7.2840951e+001  1.3705722e+002
  6.8802099e+003  1.4301850e+003  4.2075745e+003  3.2168616e+002  7.7985796e+001  2.0362199e+002
  5.5859790e+003  1.5260702e+003  2.7243611e+003  2.9180350e+002  7.5203797e+001  2.1352673e+002
  2.3117035e+003  8.2014763e+002  2.7887101e+003  1.0080711e+002  2.4737534e+001  1.0291881e+002
  2.5943855e+003  9.5697974e+002  3.0818495e+003  1.8185887e+002  3.1668364e+001  1.4659874e+002
  2.4852327e+003  1.3414960e+003  2.3064866e+003  1.9669865e+002  1.4759830e+001  1.1826732e+002
  7.4083436e+002  1.0013897e+003  1.6873621e+003  4.8469712e+001  3.5668918e+000  1.6419692e+001
  6.0569366e+002  1.9042803e+002  1.0070896e+003  7.5339392e+000  1.2145705e+000  5.1975871e+000
  2.5084262e+002  9.8493002e+001  4.4373404e+002  9.8171380e+000  1.2495009e+000  6.5709032e+000
  3.5028335e+002  8.5022378e+001  3.4902520e+002  1.4686710e+001  7.5518584e-001  7.9303836e+000
  4.8008272e+002  8.5472980e+001  2.7914460e+002  1.4479145e+001  7.1878227e-001  9.3785349e+000
  4.6589136e+002  6.5807052e+001  5.2139123e+002  1.2517899e+001  9.3614152e-001  7.5364025e+000
  2.5621816e+002  5.4373800e+001  3.1290835e+002  1.1086254e+001  1.5506724e+000  6.4933578e+000
  2.7187274e+002  6.5929462e+001  2.6027446e+002  1.8611503e+001  1.3992896e+000  5.5300110e+000
  3.6517676e+002  6.3800429e+001  3.1553119e+002  1.7565187e+001  6.8761268e-001  3.8957367e+000
  2.8405865e+002  5.9029582e+001  2.1519442e+002  7.5461730e+000  7.0385603e-001  4.5215149e+000
  3.5988055e+002  9.5260061e+001  2.5695093e+002  1.1979229e+001  1.2795584e+000  6.6583917e+000
  2.8132325e+002  1.0964038e+002  2.6734371e+002  2.1816232e+001  1.7977577e+000  8.0852733e+000
  6.0313707e+002  3.7710846e+002  3.6286442e+002  2.5129783e+001  3.4087028e+001  1.1869209e+001
  1.3621500e+003  1.2312000e+003  4.6085550e+002  1.8264856e+001  9.0462751e+001  2.5650579e+001
  1.5163052e+003  1.2930122e+003  9.9529594e+002  6.1882113e+001  7.4751885e+001  6.1539624e+001
  5.7085548e+002  2.9469624e+002  1.0981448e+003  5.6794472e+001  4.2767057e+000  6.3218537e+001
  1.7773608e+002  1.0315535e+002  5.6502685e+002  2.5789931e+001  2.0472802e+000  1.0973976e+001
  4.9853716e+001  6.5931832e+001  1.8279708e+002  4.8068494e+000  3.0223476e-001  1.7230837e+000
  8.8567400e+001  4.4050768e+001  2.1751947e+002  4.1796116e+000  3.2664828e-001  1.5559289e+000
  8.0186458e+001  3.5651652e+001  2.1239745e+002  4.0992761e+000  2.9446528e-001  1.5852774e+000
  6.1952534e+001  2.7000621e+001  6.4367653e+001  6.2364679e+000  3.6718365e-001  4.6696496e+000
  1.9012563e+002  2.9893547e+001  9.0412187e+001  9.3614162e+000  4.9632128e-001  5.6434695e+000
  2.2511328e+002  6.5123753e+001  2.0563709e+002  7.8937944e+000  4.7372111e-001  1.5719975e+000
  3.4869141e+002  2.0479634e+002  4.8328107e+002  7.0774917e+000  1.1654796e+000  4.7491912e+000
  4.0819630e+002  2.1586916e+002  6.5751210e+002  1.2167441e+001  2.3475605e+000  6.9956605e+000
  6.6770263e+002  1.4354222e+002  6.3495081e+002  3.5751044e+001  3.3784819e+000  1.5953896e+001
  1.9611000e+003  2.4821180e+002  1.5212150e+003  1.9084032e+002  1.7716146e+001  1.1492369e+002
  1.4526464e+003  2.6907956e+002  1.2329676e+003  1.5743274e+002  1.4607685e+001  9.8104633e+001
  1.9096625e+002  1.2868027e+002  3.6259744e+002  4.2211528e+000  6.8023247e-001  7.8499049e+000
  2.1210723e+002  7.4758875e+001  2.6750934e+002  2.6491780e+000  4.0405982e-001  5.8160825e+000
  4.2811932e+002  1.7286885e+002  3.3034930e+002  6.8148457e+000  2.0961402e+000  4.7940305e+000
  5.2321669e+002  3.8062600e+002  4.8888138e+002  6.8948026e+000  3.0224143e+000  5.1736222e+000
  4.7586559e+002  4.8633809e+002  3.5865503e+002  9.3481648e+000  2.0730700e+000  7.4811431e+000
  6.5295221e+002  5.9825014e+002  2.7337212e+002  1.2458353e+001  2.2170138e+000  1.1711748e+001
  5.8961112e+002  5.1053216e+002  1.2257813e+002  1.3970154e+001  1.8963948e+000  9.4755906e+000
  1.2280223e+002  1.5460283e+002  1.8684078e+002  4.0209311e+000  1.0050325e+000  5.0382995e+000
  9.1681511e+002  2.7960033e+002  6.2847553e+002  1.9930053e+001  3.4483926e+000  2.7592698e+001
  1.9829569e+003  8.4326857e+002  1.8228220e+003  1.9828008e+002  2.9915095e+001  1.0488192e+002
  2.2701476e+003  1.6695202e+003  2.1394132e+003  3.2792226e+002  3.7243893e+001  1.3469031e+002
  1.6857687e+003  1.3213827e+003  1.9875754e+003  1.2905807e+002  1.4411694e+001  1.5507600e+002
  8.8456645e+003  2.5404987e+003  7.9538642e+003  4.5281205e+002  7.3524234e+001  4.1936757e+002
  1.1382893e+004  3.2240081e+003  1.7095866e+004  9.1763079e+002  2.9058327e+002  5.6408937e+002
  3.9436313e+003  1.9416460e+003  1.3034073e+004  5.0703041e+002  1.9630915e+002  3.9967150e+002
  2.1508099e+003  8.2751741e+002  2.5789310e+003  1.0748391e+002  2.7396273e+001  1.3376089e+002
  2.0736752e+003  1.0982912e+003  2.4019252e+003  1.5968984e+002  3.9478367e+001  7.1246352e+001
  6.5158368e+003  1.2860311e+003  2.4676820e+003  1.3830960e+002  4.6335845e+001  4.9696227e+001
  6.3273018e+003  1.0616069e+003  2.6384607e+003  1.8003972e+002  2.2399188e+001  7.4966458e+001
  1.2142692e+003  1.1610528e+003  2.2808869e+003  2.0907884e+002  2.0811247e+001  5.9925799e+001
  7.7469216e+002  1.0603109e+003  1.8288693e+003  7.1308296e+001  1.0359654e+001  2.5522629e+001
  5.2790876e+002  4.5431979e+002  7.9714973e+002  2.2428544e+001  1.8518204e+000  8.3026040e+000
  8.2628096e+002  2.1883027e+002  5.0483751e+002  1.6479625e+001  1.5932191e+000  1.0363325e+001
  1.6944613e+003  4.3157965e+002  1.4134549e+003  1.7128428e+002  1.8954197e+001  1.2511058e+002
  1.5417792e+003  3.8313584e+002  1.5458624e+003  1.8117320e+002  1.7115741e+001  1.4420586e+002
  3.9327107e+002  2.4251585e+002  7.1453991e+002  1.8889484e+001  1.6241961e+000  1.3525429e+001
  2.5007147e+002  1.7167132e+002  4.3726191e+002  4.1246188e+000  5.7246605e-001  4.5813778e+000
  5.8587291e+001  6.1214724e+001  6.7621400e+001  6.8300687e-001  5.9805793e-001  2.0772524e+000
  7.6593471e+001  5.1665494e+001  7.5489680e+001  3.7001085e+000  5.9116950e-001  2.0888649e+000
  3.2367919e+002  1.0338306e+002  1.9040604e+002  2.2409524e+001  1.0056496e+000  7.3352217e+000
  6.5658514e+002  3.2480315e+002  4.5152523e+002  4.5488283e+001  2.1121391e+000  1.5642081e+001
  7.2378905e+002  2.3946103e+002  4.6475116e+002  4.2459224e+001  1.6185704e+000  1.3294010e+001
  3.0959704e+002  5.8051469e+001  2.5060304e+002  5.0889079e+000  5.5815569e-001  2.7688928e+000
  2.6714159e+002  1.0823482e+002  2.2821076e+002  1.9901709e+000  7.2832421e-001  2.0233933e+000
  3.0305484e+002  1.3545817e+002  3.9779982e+002  3.3998724e+000  9.3455694e-001  5.8444640e+000
  2.7675734e+002  3.3141441e+002  8.6852106e+002  5.9543023e+000  1.2256566e+000  1.0647639e+001
  7.1725202e+002  4.4705349e+002  1.7106465e+003  2.9783391e+001  1.9069346e+000  1.1915426e+001
  7.5141427e+002  3.7601706e+002  2.2183533e+003  5.0991183e+001  2.3864934e+000  1.0425594e+001
  5.6389552e+002  2.9587183e+002  1.0766503e+003  2.8535111e+001  1.5255232e+000  1.4820721e+000
  2.6743794e+002  1.2871157e+002  2.9106445e+002  5.3561610e+000  6.1048184e-001  1.3660812e+000
  7.1094203e+001  4.3997825e+001  9.8041953e+001  5.3584837e+000  3.6479549e-001  1.3687530e+000
  8.4995784e+001  4.7223042e+001  1.0754682e+002  4.8767620e+000  4.2593578e-001  1.2597295e+000
  3.4554912e+001  2.9957303e+001  2.3010742e+001  2.5065606e+000  2.4170633e-001  9.1477634e-001
  9.9258597e+001  3.4495194e+001  3.2293083e+001  2.8306193e+000  1.6707845e-001  1.1226466e+000
  1.6054867e+002  8.8575563e+001  1.7851385e+002  4.5932182e+000  5.5331513e-001  1.1903649e+000
  8.5215516e+002  2.8681992e+002  9.1063146e+002  3.7524532e+001  5.4386743e+000  1.6269207e+001
  1.2871745e+003  4.8510394e+002  1.5279492e+003  4.0201666e+001  6.6751863e+000  1.8521304e+001
  9.6157654e+002  2.6727210e+002  1.2323675e+003  2.0112411e+001  1.8277086e+000  5.9624120e+000
  4.8991089e+002  1.9334959e+002  5.3215523e+002  6.0676098e+000  4.4800256e-001  3.7130513e+000
  3.9913492e+002  3.0451452e+002  4.0491333e+002  5.2046458e+000  5.6973729e-001  4.0481468e+000
  5.9580371e+002  3.3182400e+002  3.9575297e+002  6.6039506e+000  6.3908340e-001  4.9676792e+000
  4.7125518e+002  2.6376639e+002  3.8737537e+002  7.7878190e+000  5.5322220e-001  3.8678945e+000
  1.0579191e+002  8.0090575e+001  9.0353239e+001  4.5228951e+000  3.4994891e-001  1.5269543e+000
  3.8243764e+001  3.3859412e+001  7.1843838e+001  1.2136505e+000  6.2137203e-001  3.3333972e-001
  4.5782123e+001  5.9508468e+001  6.3462043e+001  1.6161282e+000  1.9753159e+001  2.6182025e+000
  4.4339245e+001  3.8626807e+001  3.1498002e+001  1.4713342e+000  1.9045005e+001  2.3904107e+000
