2993
939
1242
1104
1183
1186
2833
1156
1540
1226
1316
1310
2924
1137
867
1003
936
1121
2928
1105
807
1059
648
1006
2986
913
894
987
981
1149
2912
1075
1028
1075
927
1066
2864
1046
924
1018
985
1096
2834
1131
1161
1117
982
1135
2994
1049
1243
1045
1166
1198
2967
1102
957
1081
1101
1094
2860
1093
1137
1096
1218
1135
2738
1125
1008
1085
1178
1105
2849
1127
1453
1193
1398
1225
3045
1145
1351
1100
1401
1126
2863
1254
1719
1211
1778
1454
2839
1096
887
973
767
1038
2834
952
792
958
698
1096
2785
890
655
978
764
1048
2827
929
661
960
708
971
2800
949
876
917
1028
1054
2892
1029
1238
1029
1250
1141
3062
1075
1061
1003
1036
1108
3035
1143
1497
1173
1575
1269
2741
1196
1330
1169
1295
1192
2693
1072
1512
1154
2315
1692
2506
1528
1966
1455
978
1079
2882
1050
1005
994
774
1027
2837
1000
1692
1078
2069
1521
2953
1577
1630
1189
1428
1250
2959
1321
1670
1226
2091
1915
2462
2204
1691
2055
2194
2207
2328
2162
1380
1818
1661
1594
2331
1598
1221
1389
1568
1664
1799
1878
1081
1532
978
1629
2025
2010
1182
1173
1185
1114
2639
1707
1011
902
931
959
2993
927
755
830
788
830
2950
827
733
757
602
815
3101
688
536
697
586
824
3214
817
676
798
647
837
3328
778
564
748
532
730
3383
676
513
645
566
720
3383
821
497
718
486
764
3392
689
498
741
507
713
3352
642
451
738
466
732
3346
706
451
681
454
777
3322
705
513
743
540
757
3332
699
452
763
490
736
3336
741
507
649
528
702
2993
939
1242
1104
1183
1186
2833
1156
1540
1226
1316
1310
2924
1137
867
1003
936
1121
2928
1105
807
1059
648
1006
2986
913
894
987
981
1149
2912
1075
1028
1075
927
1066
2864
1046
924
1018
985
1096
2834
1131
1161
1117
982
1135
2994
1049
1243
1045
1166
1198
2967
1102
957
1081
1101
1094
2860
1093
1137
1096
1218
1135
2738
1125
1008
1085
1178
1105
2849
1127
1453
1193
1398
1225
3045
1145
1351
1100
1401
1126
2863
1254
1719
1211
1778
1454
2839
1096
887
973
767
1038
2834
952
792
958
698
1096
2785
890
655
978
764
1048
2827
929
661
960
708
971
2800
949
876
917
1028
1054
2892
1029
1238
1029
1250
1141
3062
1075
1061
1003
1036
1108
3035
1143
1497
1173
1575
1269
2741
1196
1330
1169
1295
1192
2693
1072
1512
1154
2315
1692
2506
1528
1966
1455
978
1079
2882
1050
1005
994
774
1027
2837
1000
1692
1078
2069
1521
2953
1577
1630
1189
1428
1250
2959
1321
1670
1226
2091
1915
2462
2204
1691
2055
2194
2207
2328
2162
1380
1818
1661
1594
2331
1598
1221
1389
1568
1664
1799
1878
1081
1532
978
1629
2025
2010
1182
1173
1185
1114
2639
1707
1011
902
931
959
2993
927
755
830
788
830
2950
827
733
757
602
815
3101
688
536
697
586
824
3214
817
676
798
647
837
3328
778
564
748
532
730
3383
676
513
645
566
720
3383
821
497
718
486
764
3392
689
498
741
507
713
3352
642
451
738
466
732
3346
706
451
681
454
777
3322
705
513
743
540
757
3332
699
452
763
490
736
3336
741
507
649
528
702
2993
939
1242
1104
1183
1186
2833
1156
1540
1226
1316
1310
2924
1137
867
1003
936
1121
2928
1105
807
1059
648
1006
2986
913
894
987
981
1149
2912
1075
1028
1075
927
1066
2864
1046
924
1018
985
1096
2834
1131
1161
1117
982
1135
2994
1049
1243
1045
1166
1198
2967
1102
957
1081
1101
1094
2860
1093
1137
1096
1218
1135
2738
1125
1008
1085
1178
1105
2849
1127
1453
1193
1398
1225
3045
1145
1351
1100
1401
1126
2863
1254
1719
1211
1778
1454
2839
1096
887
973
767
1038
2834
952
792
958
698
1096
2785
890
655
978
764
1048
2827
929
661
960
708
971
2800
949
876
917
1028
1054
2892
1029
1238
1029
1250
1141
3062
1075
1061
1003
1036
1108
3035
1143
1497
1173
1575
1269
2741
1196
1330
1169
1295
1192
2693
1072
1512
1154
2315
1692
2506
1528
1966
1455
978
1079
2882
1050
1005
994
774
1027
2837
1000
1692
1078
2069
1521
2953
1577
1630
1189
1428
1250
2959
1321
1670
1226
2091
1915
2462
2204
1691
2055
2194
2207
2328
2162
1380
1818
1661
1594
2331
1598
1221
1389
1568
1664
1799
1878
1081
1532
978
1629
2025
2010
1182
1173
1185
1114
2639
1707
1011
902
931
959
2993
927
755
830
788
830
2950
827
733
757
602
815
3101
688
536
697
586
824
3214
817
676
798
647
837
3328
778
564
748
532
730
3383
676
513
645
566
720
3383
821
497
718
486
764
3392
689
498
741
507
713
3352
642
451
738
466
732
3346
706
451
681
454
777
3322
705
513
743
540
757
3332
699
452
763
490
736
3336
741
507
649
528
702
2993
939
1242
1104
1183
1186
2833
1156
1540
1226
1316
1310
2924
1137
867
1003
936
1121
2928
1105
807
1059
648
1006
2986
913
894
987
981
1149
2912
1075
1028
1075
927
1066
2864
1046
924
1018
985
1096
2834
1131
1161
1117
982
1135
2994
1049
1243
1045
1166
1198
2967
1102
957
1081
1101
1094
2860
1093
1137
1096
1218
1135
2738
1125
1008
1085
1178
1105
2849
1127
1453
1193
1398
1225
3045
1145
1351
1100
1401
1126
2863
1254
1719
1211
1778
1454
2839
1096
887
973
767
1038
2834
952
792
958
698
1096
2785
890
655
978
764
1048
2827
929
661
960
708
971
2800
949
876
917
1028
1054
2892
1029
1238
1029
1250
1141
3062
1075
1061
1003
1036
1108
3035
1143
1497
1173
1575
1269
2741
1196
1330
1169
1295
1192
2693
1072
1512
1154
2315
1692
2506
1528
1966
1455
978
1079
2882
1050
1005
994
774
1027
2837
1000
1692
1078
2069
1521
2953
1577
1630
1189
1428
1250
2959
1321
1670
1226
2091
1915
2462
2204
1691
2055
2194
2207
2328
2162
1380
1818
1661
1594
2331
1598
1221
1389
1568
1664
1799
1878
1081
1532
978
1629
2025
2010
1182
1173
1185
1114
2639
1707
1011
902
931
959
2993
927
755
830
788
830
2950
827
733
757
602
815
3101
688
536
697
586
824
3214
817
676
798
647
837
3328
778
564
748
532
730
3383
676
513
645
566
720
3383
821
497
718
486
764
3392
689
498
741
507
713
3352
642
451
738
466
732
3346
706
451
681
454
777
3322
705
513
743
540
757
3332
699
452
763
490
736
3336
741
507
649
528
702
2993
939
1242
1104
1183
1186
2833
1156
1540
1226
1316
1310
2924
1137
867
1003
936
1121
2928
1105
807
1059
648
1006
2986
913
894
987
981
1149
2912
1075
1028
1075
927
1066
2864
1046
924
1018
985
1096
2834
1131
1161
1117
982
1135
2994
1049
1243
1045
1166
1198
2967
1102
957
1081
1101
1094
2860
1093
1137
1096
1218
1135
2738
1125
1008
1085
1178
1105
2849
1127
1453
1193
1398
1225
3045
1145
1351
1100
1401
1126
2863
1254
1719
1211
1778
1454
2839
1096
887
973
767
1038
2834
952
792
958
698
1096
2785
890
655
978
764
1048
2827
929
661
960
708
971
2800
949
876
917
1028
1054
2892
1029
1238
1029
1250
1141
3062
1075
1061
1003
1036
1108
3035
1143
1497
1173
1575
1269
2741
1196
1330
1169
1295
1192
2693
1072
1512
1154
2315
1692
2506
1528
1966
1455
978
1079
2882
1050
1005
994
774
1027
2837
1000
1692
1078
2069
1521
2953
1577
1630
1189
1428
1250
2959
1321
1670
1226
2091
1915
2462
2204
1691
2055
2194
2207
2328
2162
1380
1818
1661
1594
2331
1598
1221
1389
1568
1664
1799
1878
1081
1532
978
1629
2025
2010
1182
1173
1185
1114
2639
1707
1011
902
931
959
2993
927
755
830
788
830
2950
827
733
757
602
815
3101
688
536
697
586
824
3214
817
676
798
647
837
3328
778
564
748
532
730
3383
676
513
645
566
720
3383
821
497
718
486
764
3392
689
498
741
507
713
3352
642
451
738
466
732
3346
706
451
681
454
777
3322
705
513
743
540
757
3332
699
452
763
490
736
3336
741
507
649
528
702
2993
939
1242
1104
1183
1186
2833
1156
1540
1226
1316
1310
2924
1137
867
1003
936
1121
2928
1105
807
1059
648
1006
2986
913
894
987
981
1149
2912
1075
1028
1075
927
1066
2864
1046
924
1018
985
1096
2834
1131
1161
1117
982
1135
2994
1049
1243
1045
1166
1198
2967
1102
957
1081
1101
1094
2860
1093
1137
1096
1218
1135
2738
1125
1008
1085
1178
1105
2849
1127
1453
1193
1398
1225
3045
1145
1351
1100
1401
1126
2863
1254
1719
1211
1778
1454
2839
1096
887
973
767
1038
2834
952
792
958
698
1096
2785
890
655
978
764
1048
2827
929
661
960
708
971
2800
949
876
917
1028
1054
2892
1029
1238
1029
1250
1141
3062
1075
1061
1003
1036
1108
3035
1143
1497
1173
1575
1269
2741
1196
1330
1169
1295
1192
2693
1072
1512
1154
2315
1692
2506
1528
1966
1455
978
1079
2882
1050
1005
994
774
1027
2837
1000
1692
1078
2069
1521
2953
1577
1630
1189
1428
1250
2959
1321
1670
1226
2091
1915
2462
2204
1691
2055
2194
2207
2328
2162
1380
1818
1661
1594
2331
1598
1221
1389
1568
1664
1799
1878
1081
1532
978
1629
2025
2010
1182
1173
1185
1114
2639
1707
1011
902
931
959
2993
927
755
830
788
830
2950
827
733
757
602
815
3101
688
536
697
586
824
3214
817
676
798
647
837
3328
778
564
748
532
730
3383
676
513
645
566
720
3383
821
497
718
486
764
3392
689
498
741
507
713
3352
642
451
738
466
732
3346
706
451
681
454
777
3322
705
513
743
540
757
3332
699
452
763
490
736
3336
741
507
649
528
702
2993
939
1242
1104
1183
1186
2833
1156
1540
1226
1316
1310
2924
1137
867
1003
936
1121
2928
1105
807
1059
648
1006
2986
913
894
987
981
1149
2912
1075
1028
1075
927
1066
2864
1046
924
1018
985
1096
2834
1131
1161
1117
982
1135
2994
1049
1243
1045
1166
1198
2967
1102
957
1081
1101
1094
2860
1093
1137
1096
1218
1135
2738
1125
1008
1085
1178
1105
2849
1127
1453
1193
1398
1225
3045
1145
1351
1100
1401
1126
2863
1254
1719
1211
1778
1454
2839
1096
887
973
767
1038
2834
952
792
958
698
1096
2785
890
655
978
764
1048
2827
929
661
960
708
971
2800
949
876
917
1028
1054
2892
1029
1238
1029
1250
1141
3062
1075
1061
1003
1036
1108
3035
1143
1497
1173
1575
1269
2741
1196
1330
1169
1295
1192
2693
1072
1512
1154
2315
1692
2506
1528
1966
1455
978
1079
2882
1050
1005
994
774
1027
2837
1000
1692
1078
2069
1521
2953
1577
1630
1189
1428
1250
2959
1321
1670
1226
2091
1915
2462
2204
1691
2055
2194
2207
2328
2162
1380
1818
1661
1594
2331
1598
1221
1389
1568
1664
1799
1878
1081
1532
978
1629
2025
2010
1182
1173
1185
1114
2639
1707
1011
902
931
959
2993
927
755
830
788
830
2950
827
733
757
602
815
3101
688
536
697
586
824
3214
817
676
798
647
837
3328
778
564
748
532
730
3383
676
513
645
566
720
3383
821
497
718
486
764
3392
689
498
741
507
713
3352
642
451
738
466
732
3346
706
451
681
454
777
3322
705
513
743
540
757
3332
699
452
763
490
736
3336
741
507
649
528
702
2993
939
1242
1104
1183
1186
2833
1156
1540
1226
1316
1310
2924
1137
867
1003
936
1121
2928
1105
807
1059
648
1006
2986
913
894
987
981
1149
2912
1075
1028
1075
927
1066
2864
1046
924
1018
985
1096
2834
1131
1161
1117
982
1135
2994
1049
1243
1045
1166
1198
2967
1102
957
1081
1101
1094
2860
1093
1137
1096
1218
1135
2738
1125
1008
1085
1178
1105
2849
1127
1453
1193
1398
1225
3045
1145
1351
1100
1401
1126
2863
1254
1719
1211
1778
1454
2839
1096
887
973
767
1038
2834
952
792
958
698
1096
2785
890
655
978
764
1048
2827
929
661
960
708
971
2800
949
876
917
1028
1054
2892
1029
1238
1029
1250
1141
3062
1075
1061
1003
1036
1108
3035
1143
1497
1173
1575
1269
2741
1196
1330
1169
1295
1192
2693
1072
1512
1154
2315
1692
2506
1528
1966
1455
978
1079
2882
1050
1005
994
774
1027
2837
1000
1692
1078
2069
1521
2953
1577
1630
1189
1428
1250
2959
1321
1670
1226
2091
1915
2462
2204
1691
2055
2194
2207
2328
2162
1380
1818
1661
1594
2331
1598
1221
1389
1568
1664
1799
1878
1081
1532
978
1629
2025
2010
1182
1173
1185
1114
2639
1707
1011
902
931
959
2993
927
755
830
788
830
2950
827
733
757
602
815
3101
688
536
697
586
824
3214
817
676
798
647
837
3328
778
564
748
532
730
3383
676
513
645
566
720
3383
821
497
718
486
764
3392
689
498
741
507
713
3352
642
451
738
466
732
3346
706
451
681
454
777
3322
705
513
743
540
757
3332
699
452
763
490
736
3336
741
507
649
528
702
2993
939
1242
1104
1183
1186
2833
1156
1540
1226
1316
1310
2924
1137
867
1003
936
1121
2928
1105
807
1059
648
1006
2986
913
894
987
981
1149
2912
1075
1028
1075
927
1066
2864
1046
924
1018
985
1096
2834
1131
1161
1117
982
1135
2994
1049
1243
1045
1166
1198
2967
1102
957
1081
1101
1094
2860
1093
1137
1096
1218
1135
2738
1125
1008
1085
1178
1105
2849
1127
1453
1193
1398
1225
3045
1145
1351
1100
1401
1126
2863
1254
1719
1211
1778
1454
2839
1096
887
973
767
1038
2834
952
792
958
698
1096
2785
890
655
978
764
1048
2827
929
661
960
708
971
2800
949
876
917
1028
1054
2892
1029
1238
1029
1250
1141
3062
1075
1061
1003
1036
1108
3035
1143
1497
1173
1575
1269
2741
1196
1330
1169
1295
1192
2693
1072
1512
1154
2315
1692
2506
1528
1966
1455
978
1079
2882
1050
1005
994
774
1027
2837
1000
1692
1078
2069
1521
2953
1577
1630
1189
1428
1250
2959
1321
1670
1226
2091
1915
2462
2204
1691
2055
2194
2207
2328
2162
1380
1818
1661
1594
2331
1598
1221
1389
1568
1664
1799
1878
1081
1532
978
1629
2025
2010
1182
1173
1185
1114
2639
1707
1011
902
931
959
2993
927
755
830
788
830
2950
827
733
757
602
815
3101
688
536
697
586
824
3214
817
676
798
647
837
3328
778
564
748
532
730
3383
676
513
645
566
720
3383
821
497
718
486
764
3392
689
498
741
507
713
3352
642
451
738
466
732
3346
706
451
681
454
777
3322
705
513
743
540
757
3332
699
452
763
490
736
3336
741
507
649
528
702
2993
939
1242
1104
1183
1186
2833
1156
1540
1226
1316
1310
2924
1137
867
1003
936
1121
2928
1105
807
1059
648
1006
2986
913
894
987
981
1149
2912
1075
1028
1075
927
1066
2864
1046
924
1018
985
1096
2834
1131
1161
1117
982
1135
2994
1049
1243
1045
1166
1198
2967
1102
957
1081
1101
1094
2860
1093
1137
1096
1218
1135
2738
1125
1008
1085
1178
1105
2849
1127
1453
1193
1398
1225
3045
1145
1351
1100
1401
1126
2863
1254
1719
1211
1778
1454
2839
1096
887
973
767
1038
2834
952
792
958
698
1096
2785
890
655
978
764
1048
2827
929
661
960
708
971
2800
949
876
917
1028
1054
2892
1029
1238
1029
1250
1141
3062
1075
1061
1003
1036
1108
3035
1143
1497
1173
1575
1269
2741
1196
1330
1169
1295
1192
2693
1072
1512
1154
2315
1692
2506
1528
1966
1455
978
1079
2882
1050
1005
994
774
1027
2837
1000
1692
1078
2069
1521
2953
1577
1630
1189
1428
1250
2959
1321
1670
1226
2091
1915
2462
2204
1691
2055
2194
2207
2328
2162
1380
1818
1661
1594
2331
1598
1221
1389
1568
1664
1799
1878
1081
1532
978
1629
2025
2010
1182
1173
1185
1114
2639
1707
1011
902
931
959
2993
927
755
830
788
830
2950
827
733
757
602
815
3101
688
536
697
586
824
3214
817
676
798
647
837
3328
778
564
748
532
730
3383
676
513
645
566
720
3383
821
497
718
486
764
3392
689
498
741
507
713
3352
642
451
738
466
732
3346
706
451
681
454
777
3322
705
513
743
540
757
3332
699
452
763
490
736
3336
741
507
649
528
702
2993
939
1242
1104
1183
1186
2833
1156
1540
1226
1316
1310
2924
1137
867
1003
936
1121
2928
1105
807
1059
648
1006
2986
913
894
987
981
1149
2912
1075
1028
1075
927
1066
2864
1046
924
1018
985
1096
2834
1131
1161
1117
982
1135
2994
1049
1243
1045
1166
1198
2967
1102
957
1081
1101
1094
2860
1093
1137
1096
1218
1135
2738
1125
1008
1085
1178
1105
2849
1127
1453
1193
1398
1225
3045
1145
1351
1100
1401
1126
2863
1254
1719
1211
1778
1454
2839
1096
887
973
767
1038
2834
952
792
958
698
1096
2785
890
655
978
764
1048
2827
929
661
960
708
971
2800
949
876
917
1028
1054
2892
1029
1238
1029
1250
1141
3062
1075
1061
1003
1036
1108
3035
1143
1497
1173
1575
1269
2741
1196
1330
1169
1295
1192
2693
1072
1512
1154
2315
1692
2506
1528
1966
1455
978
1079
2882
1050
1005
994
774
1027
2837
1000
1692
1078
2069
1521
2953
1577
1630
1189
1428
1250
2959
1321
1670
1226
2091
1915
2462
2204
1691
2055
2194
2207
2328
2162
1380
1818
1661
1594
2331
1598
1221
1389
1568
1664
1799
1878
1081
1532
978
1629
2025
2010
1182
1173
1185
1114
2639
1707
1011
902
931
959
2993
927
755
830
788
830
2950
827
733
757
602
815
3101
688
536
697
586
824
3214
817
676
798
647
837
3328
778
564
748
532
730
3383
676
513
645
566
720
3383
821
497
718
486
764
3392
689
498
741
507
713
3352
642
451
738
466
732
3346
706
451
681
454
777
3322
705
513
743
540
757
3332
699
452
763
490
736
3336
741
507
649
528
702











