5385
959
1449
1454
1565
1511
5730
1583
1783
1632
1824
1765
5976
1807
1618
1535
1598
1503
5926
1547
1631
1587
1624
1569
1752
1619
1558
1542
1584
1520
1718
1582
1573
1484
1544
1504
5719
1587
1567
1539
1587
1532
5654
1571
1624
1541
1724
1668
6168
1762
1688
1656
1710
1706
6099
1572
1624
1558
1609
1581
5705
1548
1549
1542
1604
1562
5348
1604
1493
1493
1431
1402
5521
1469
1726
1581
1834
1712
1801
1838
1799
1712
1699
1732
5646
1631
1731
1639
1798
1629
5628
1778
1553
1491
1516
1525
1657
1569
1446
1436
1448
1483
5622
1427
1485
1522
1431
1468
1668
1502
1476
1537
1500
1447
1600
1548
1499
1475
1562
1503
5781
1547
1702
1611
1919
1766
6237
1867
1697
1672
1688
1753
1824
1727
1761
1707
1834
1762
5438
1682
1486
1443
1585
1436
1510
1608
1317
1320
1796
1575
1374
1656
1807
1554
1838
1817
1683
1728
1499
1563
1481
1538
1676
1444
1674
1488
1897
1739
5622
1796
1710
1647
1893
1776
5188
1795
1706
1660
1986
2039
4046
2042
1493
1806
1864
1777
1183
1822
1553
1740
1998
1827
1230
1750
1298
1442
1376
1355
3301
1301
961
1226
1172
1296
4340
1493
1592
1398
1843
1674
5921
2011
1925
1692
2478
2161
2274
2503
1841
1949
1917
1803
2091
1845
2457
2157
2740
2597
9691
2698
2412
2388
2606
2387
9733
2658
2566
2521
2787
2633
2959
2724
2832
2755
2895
2890
3027
2925
2832
2892
2770
2860
3019
3082
2772
2923
2740
2802
2990
2868
2822
2909
2774
2770
3012
2819
2841
2955
2876
2872
2959
2820
2764
2807
2779
2907
2949
2747
2804
2802
2743
2778
2927
2790
2836
2884
2749
2838
2982
2939
2752
2872
2773
2769
5385
959
1449
1454
1565
1511
5730
1583
1783
1632
1824
1765
5976
1807
1618
1535
1598
1503
5926
1547
1631
1587
1624
1569
1752
1619
1558
1542
1584
1520
1718
1582
1573
1484
1544
1504
5719
1587
1567
1539
1587
1532
5654
1571
1624
1541
1724
1668
6168
1762
1688
1656
1710
1706
6099
1572
1624
1558
1609
1581
5705
1548
1549
1542
1604
1562
5348
1604
1493
1493
1431
1402
5521
1469
1726
1581
1834
1712
1801
1838
1799
1712
1699
1732
5646
1631
1731
1639
1798
1629
5628
1778
1553
1491
1516
1525
1657
1569
1446
1436
1448
1483
5622
1427
1485
1522
1431
1468
1668
1502
1476
1537
1500
1447
1600
1548
1499
1475
1562
1503
5781
1547
1702
1611
1919
1766
6237
1867
1697
1672
1688
1753
1824
1727
1761
1707
1834
1762
5438
1682
1486
1443
1585
1436
1510
1608
1317
1320
1796
1575
1374
1656
1807
1554
1838
1817
1683
1728
1499
1563
1481
1538
1676
1444
1674
1488
1897
1739
5622
1796
1710
1647
1893
1776
5188
1795
1706
1660
1986
2039
4046
2042
1493
1806
1864
1777
1183
1822
1553
1740
1998
1827
1230
1750
1298
1442
1376
1355
3301
1301
961
1226
1172
1296
4340
1493
1592
1398
1843
1674
5921
2011
1925
1692
2478
2161
2274
2503
1841
1949
1917
1803
2091
1845
2457
2157
2740
2597
9691
2698
2412
2388
2606
2387
9733
2658
2566
2521
2787
2633
2959
2724
2832
2755
2895
2890
3027
2925
2832
2892
2770
2860
3019
3082
2772
2923
2740
2802
2990
2868
2822
2909
2774
2770
3012
2819
2841
2955
2876
2872
2959
2820
2764
2807
2779
2907
2949
2747
2804
2802
2743
2778
2927
2790
2836
2884
2749
2838
2982
2939
2752
2872
2773
2769
5385
959
1449
1454
1565
1511
5730
1583
1783
1632
1824
1765
5976
1807
1618
1535
1598
1503
5926
1547
1631
1587
1624
1569
1752
1619
1558
1542
1584
1520
1718
1582
1573
1484
1544
1504
5719
1587
1567
1539
1587
1532
5654
1571
1624
1541
1724
1668
6168
1762
1688
1656
1710
1706
6099
1572
1624
1558
1609
1581
5705
1548
1549
1542
1604
1562
5348
1604
1493
1493
1431
1402
5521
1469
1726
1581
1834
1712
1801
1838
1799
1712
1699
1732
5646
1631
1731
1639
1798
1629
5628
1778
1553
1491
1516
1525
1657
1569
1446
1436
1448
1483
5622
1427
1485
1522
1431
1468
1668
1502
1476
1537
1500
1447
1600
1548
1499
1475
1562
1503
5781
1547
1702
1611
1919
1766
6237
1867
1697
1672
1688
1753
1824
1727
1761
1707
1834
1762
5438
1682
1486
1443
1585
1436
1510
1608
1317
1320
1796
1575
1374
1656
1807
1554
1838
1817
1683
1728
1499
1563
1481
1538
1676
1444
1674
1488
1897
1739
5622
1796
1710
1647
1893
1776
5188
1795
1706
1660
1986
2039
4046
2042
1493
1806
1864
1777
1183
1822
1553
1740
1998
1827
1230
1750
1298
1442
1376
1355
3301
1301
961
1226
1172
1296
4340
1493
1592
1398
1843
1674
5921
2011
1925
1692
2478
2161
2274
2503
1841
1949
1917
1803
2091
1845
2457
2157
2740
2597
9691
2698
2412
2388
2606
2387
9733
2658
2566
2521
2787
2633
2959
2724
2832
2755
2895
2890
3027
2925
2832
2892
2770
2860
3019
3082
2772
2923
2740
2802
2990
2868
2822
2909
2774
2770
3012
2819
2841
2955
2876
2872
2959
2820
2764
2807
2779
2907
2949
2747
2804
2802
2743
2778
2927
2790
2836
2884
2749
2838
2982
2939
2752
2872
2773
2769
5385
959
1449
1454
1565
1511
5730
1583
1783
1632
1824
1765
5976
1807
1618
1535
1598
1503
5926
1547
1631
1587
1624
1569
1752
1619
1558
1542
1584
1520
1718
1582
1573
1484
1544
1504
5719
1587
1567
1539
1587
1532
5654
1571
1624
1541
1724
1668
6168
1762
1688
1656
1710
1706
6099
1572
1624
1558
1609
1581
5705
1548
1549
1542
1604
1562
5348
1604
1493
1493
1431
1402
5521
1469
1726
1581
1834
1712
1801
1838
1799
1712
1699
1732
5646
1631
1731
1639
1798
1629
5628
1778
1553
1491
1516
1525
1657
1569
1446
1436
1448
1483
5622
1427
1485
1522
1431
1468
1668
1502
1476
1537
1500
1447
1600
1548
1499
1475
1562
1503
5781
1547
1702
1611
1919
1766
6237
1867
1697
1672
1688
1753
1824
1727
1761
1707
1834
1762
5438
1682
1486
1443
1585
1436
1510
1608
1317
1320
1796
1575
1374
1656
1807
1554
1838
1817
1683
1728
1499
1563
1481
1538
1676
1444
1674
1488
1897
1739
5622
1796
1710
1647
1893
1776
5188
1795
1706
1660
1986
2039
4046
2042
1493
1806
1864
1777
1183
1822
1553
1740
1998
1827
1230
1750
1298
1442
1376
1355
3301
1301
961
1226
1172
1296
4340
1493
1592
1398
1843
1674
5921
2011
1925
1692
2478
2161
2274
2503
1841
1949
1917
1803
2091
1845
2457
2157
2740
2597
9691
2698
2412
2388
2606
2387
9733
2658
2566
2521
2787
2633
2959
2724
2832
2755
2895
2890
3027
2925
2832
2892
2770
2860
3019
3082
2772
2923
2740
2802
2990
2868
2822
2909
2774
2770
3012
2819
2841
2955
2876
2872
2959
2820
2764
2807
2779
2907
2949
2747
2804
2802
2743
2778
2927
2790
2836
2884
2749
2838
2982
2939
2752
2872
2773
2769
5385
959
1449
1454
1565
1511
5730
1583
1783
1632
1824
1765
5976
1807
1618
1535
1598
1503
5926
1547
1631
1587
1624
1569
1752
1619
1558
1542
1584
1520
1718
1582
1573
1484
1544
1504
5719
1587
1567
1539
1587
1532
5654
1571
1624
1541
1724
1668
6168
1762
1688
1656
1710
1706
6099
1572
1624
1558
1609
1581
5705
1548
1549
1542
1604
1562
5348
1604
1493
1493
1431
1402
5521
1469
1726
1581
1834
1712
1801
1838
1799
1712
1699
1732
5646
1631
1731
1639
1798
1629
5628
1778
1553
1491
1516
1525
1657
1569
1446
1436
1448
1483
5622
1427
1485
1522
1431
1468
1668
1502
1476
1537
1500
1447
1600
1548
1499
1475
1562
1503
5781
1547
1702
1611
1919
1766
6237
1867
1697
1672
1688
1753
1824
1727
1761
1707
1834
1762
5438
1682
1486
1443
1585
1436
1510
1608
1317
1320
1796
1575
1374
1656
1807
1554
1838
1817
1683
1728
1499
1563
1481
1538
1676
1444
1674
1488
1897
1739
5622
1796
1710
1647
1893
1776
5188
1795
1706
1660
1986
2039
4046
2042
1493
1806
1864
1777
1183
1822
1553
1740
1998
1827
1230
1750
1298
1442
1376
1355
3301
1301
961
1226
1172
1296
4340
1493
1592
1398
1843
1674
5921
2011
1925
1692
2478
2161
2274
2503
1841
1949
1917
1803
2091
1845
2457
2157
2740
2597
9691
2698
2412
2388
2606
2387
9733
2658
2566
2521
2787
2633
2959
2724
2832
2755
2895
2890
3027
2925
2832
2892
2770
2860
3019
3082
2772
2923
2740
2802
2990
2868
2822
2909
2774
2770
3012
2819
2841
2955
2876
2872
2959
2820
2764
2807
2779
2907
2949
2747
2804
2802
2743
2778
2927
2790
2836
2884
2749
2838
2982
2939
2752
2872
2773
2769
5385
959
1449
1454
1565
1511
5730
1583
1783
1632
1824
1765
5976
1807
1618
1535
1598
1503
5926
1547
1631
1587
1624
1569
1752
1619
1558
1542
1584
1520
1718
1582
1573
1484
1544
1504
5719
1587
1567
1539
1587
1532
5654
1571
1624
1541
1724
1668
6168
1762
1688
1656
1710
1706
6099
1572
1624
1558
1609
1581
5705
1548
1549
1542
1604
1562
5348
1604
1493
1493
1431
1402
5521
1469
1726
1581
1834
1712
1801
1838
1799
1712
1699
1732
5646
1631
1731
1639
1798
1629
5628
1778
1553
1491
1516
1525
1657
1569
1446
1436
1448
1483
5622
1427
1485
1522
1431
1468
1668
1502
1476
1537
1500
1447
1600
1548
1499
1475
1562
1503
5781
1547
1702
1611
1919
1766
6237
1867
1697
1672
1688
1753
1824
1727
1761
1707
1834
1762
5438
1682
1486
1443
1585
1436
1510
1608
1317
1320
1796
1575
1374
1656
1807
1554
1838
1817
1683
1728
1499
1563
1481
1538
1676
1444
1674
1488
1897
1739
5622
1796
1710
1647
1893
1776
5188
1795
1706
1660
1986
2039
4046
2042
1493
1806
1864
1777
1183
1822
1553
1740
1998
1827
1230
1750
1298
1442
1376
1355
3301
1301
961
1226
1172
1296
4340
1493
1592
1398
1843
1674
5921
2011
1925
1692
2478
2161
2274
2503
1841
1949
1917
1803
2091
1845
2457
2157
2740
2597
9691
2698
2412
2388
2606
2387
9733
2658
2566
2521
2787
2633
2959
2724
2832
2755
2895
2890
3027
2925
2832
2892
2770
2860
3019
3082
2772
2923
2740
2802
2990
2868
2822
2909
2774
2770
3012
2819
2841
2955
2876
2872
2959
2820
2764
2807
2779
2907
2949
2747
2804
2802
2743
2778
2927
2790
2836
2884
2749
2838
2982
2939
2752
2872
2773
2769
5385
959
1449
1454
1565
1511
5730
1583
1783
1632
1824
1765
5976
1807
1618
1535
1598
1503
5926
1547
1631
1587
1624
1569
1752
1619
1558
1542
1584
1520
1718
1582
1573
1484
1544
1504
5719
1587
1567
1539
1587
1532
5654
1571
1624
1541
1724
1668
6168
1762
1688
1656
1710
1706
6099
1572
1624
1558
1609
1581
5705
1548
1549
1542
1604
1562
5348
1604
1493
1493
1431
1402
5521
1469
1726
1581
1834
1712
1801
1838
1799
1712
1699
1732
5646
1631
1731
1639
1798
1629
5628
1778
1553
1491
1516
1525
1657
1569
1446
1436
1448
1483
5622
1427
1485
1522
1431
1468
1668
1502
1476
1537
1500
1447
1600
1548
1499
1475
1562
1503
5781
1547
1702
1611
1919
1766
6237
1867
1697
1672
1688
1753
1824
1727
1761
1707
1834
1762
5438
1682
1486
1443
1585
1436
1510
1608
1317
1320
1796
1575
1374
1656
1807
1554
1838
1817
1683
1728
1499
1563
1481
1538
1676
1444
1674
1488
1897
1739
5622
1796
1710
1647
1893
1776
5188
1795
1706
1660
1986
2039
4046
2042
1493
1806
1864
1777
1183
1822
1553
1740
1998
1827
1230
1750
1298
1442
1376
1355
3301
1301
961
1226
1172
1296
4340
1493
1592
1398
1843
1674
5921
2011
1925
1692
2478
2161
2274
2503
1841
1949
1917
1803
2091
1845
2457
2157
2740
2597
9691
2698
2412
2388
2606
2387
9733
2658
2566
2521
2787
2633
2959
2724
2832
2755
2895
2890
3027
2925
2832
2892
2770
2860
3019
3082
2772
2923
2740
2802
2990
2868
2822
2909
2774
2770
3012
2819
2841
2955
2876
2872
2959
2820
2764
2807
2779
2907
2949
2747
2804
2802
2743
2778
2927
2790
2836
2884
2749
2838
2982
2939
2752
2872
2773
2769
5385
959
1449
1454
1565
1511
5730
1583
1783
1632
1824
1765
5976
1807
1618
1535
1598
1503
5926
1547
1631
1587
1624
1569
1752
1619
1558
1542
1584
1520
1718
1582
1573
1484
1544
1504
5719
1587
1567
1539
1587
1532
5654
1571
1624
1541
1724
1668
6168
1762
1688
1656
1710
1706
6099
1572
1624
1558
1609
1581
5705
1548
1549
1542
1604
1562
5348
1604
1493
1493
1431
1402
5521
1469
1726
1581
1834
1712
1801
1838
1799
1712
1699
1732
5646
1631
1731
1639
1798
1629
5628
1778
1553
1491
1516
1525
1657
1569
1446
1436
1448
1483
5622
1427
1485
1522
1431
1468
1668
1502
1476
1537
1500
1447
1600
1548
1499
1475
1562
1503
5781
1547
1702
1611
1919
1766
6237
1867
1697
1672
1688
1753
1824
1727
1761
1707
1834
1762
5438
1682
1486
1443
1585
1436
1510
1608
1317
1320
1796
1575
1374
1656
1807
1554
1838
1817
1683
1728
1499
1563
1481
1538
1676
1444
1674
1488
1897
1739
5622
1796
1710
1647
1893
1776
5188
1795
1706
1660
1986
2039
4046
2042
1493
1806
1864
1777
1183
1822
1553
1740
1998
1827
1230
1750
1298
1442
1376
1355
3301
1301
961
1226
1172
1296
4340
1493
1592
1398
1843
1674
5921
2011
1925
1692
2478
2161
2274
2503
1841
1949
1917
1803
2091
1845
2457
2157
2740
2597
9691
2698
2412
2388
2606
2387
9733
2658
2566
2521
2787
2633
2959
2724
2832
2755
2895
2890
3027
2925
2832
2892
2770
2860
3019
3082
2772
2923
2740
2802
2990
2868
2822
2909
2774
2770
3012
2819
2841
2955
2876
2872
2959
2820
2764
2807
2779
2907
2949
2747
2804
2802
2743
2778
2927
2790
2836
2884
2749
2838
2982
2939
2752
2872
2773
2769
5385
959
1449
1454
1565
1511
5730
1583
1783
1632
1824
1765
5976
1807
1618
1535
1598
1503
5926
1547
1631
1587
1624
1569
1752
1619
1558
1542
1584
1520
1718
1582
1573
1484
1544
1504
5719
1587
1567
1539
1587
1532
5654
1571
1624
1541
1724
1668
6168
1762
1688
1656
1710
1706
6099
1572
1624
1558
1609
1581
5705
1548
1549
1542
1604
1562
5348
1604
1493
1493
1431
1402
5521
1469
1726
1581
1834
1712
1801
1838
1799
1712
1699
1732
5646
1631
1731
1639
1798
1629
5628
1778
1553
1491
1516
1525
1657
1569
1446
1436
1448
1483
5622
1427
1485
1522
1431
1468
1668
1502
1476
1537
1500
1447
1600
1548
1499
1475
1562
1503
5781
1547
1702
1611
1919
1766
6237
1867
1697
1672
1688
1753
1824
1727
1761
1707
1834
1762
5438
1682
1486
1443
1585
1436
1510
1608
1317
1320
1796
1575
1374
1656
1807
1554
1838
1817
1683
1728
1499
1563
1481
1538
1676
1444
1674
1488
1897
1739
5622
1796
1710
1647
1893
1776
5188
1795
1706
1660
1986
2039
4046
2042
1493
1806
1864
1777
1183
1822
1553
1740
1998
1827
1230
1750
1298
1442
1376
1355
3301
1301
961
1226
1172
1296
4340
1493
1592
1398
1843
1674
5921
2011
1925
1692
2478
2161
2274
2503
1841
1949
1917
1803
2091
1845
2457
2157
2740
2597
9691
2698
2412
2388
2606
2387
9733
2658
2566
2521
2787
2633
2959
2724
2832
2755
2895
2890
3027
2925
2832
2892
2770
2860
3019
3082
2772
2923
2740
2802
2990
2868
2822
2909
2774
2770
3012
2819
2841
2955
2876
2872
2959
2820
2764
2807
2779
2907
2949
2747
2804
2802
2743
2778
2927
2790
2836
2884
2749
2838
2982
2939
2752
2872
2773
2769
5385
959
1449
1454
1565
1511
5730
1583
1783
1632
1824
1765
5976
1807
1618
1535
1598
1503
5926
1547
1631
1587
1624
1569
1752
1619
1558
1542
1584
1520
1718
1582
1573
1484
1544
1504
5719
1587
1567
1539
1587
1532
5654
1571
1624
1541
1724
1668
6168
1762
1688
1656
1710
1706
6099
1572
1624
1558
1609
1581
5705
1548
1549
1542
1604
1562
5348
1604
1493
1493
1431
1402
5521
1469
1726
1581
1834
1712
1801
1838
1799
1712
1699
1732
5646
1631
1731
1639
1798
1629
5628
1778
1553
1491
1516
1525
1657
1569
1446
1436
1448
1483
5622
1427
1485
1522
1431
1468
1668
1502
1476
1537
1500
1447
1600
1548
1499
1475
1562
1503
5781
1547
1702
1611
1919
1766
6237
1867
1697
1672
1688
1753
1824
1727
1761
1707
1834
1762
5438
1682
1486
1443
1585
1436
1510
1608
1317
1320
1796
1575
1374
1656
1807
1554
1838
1817
1683
1728
1499
1563
1481
1538
1676
1444
1674
1488
1897
1739
5622
1796
1710
1647
1893
1776
5188
1795
1706
1660
1986
2039
4046
2042
1493
1806
1864
1777
1183
1822
1553
1740
1998
1827
1230
1750
1298
1442
1376
1355
3301
1301
961
1226
1172
1296
4340
1493
1592
1398
1843
1674
5921
2011
1925
1692
2478
2161
2274
2503
1841
1949
1917
1803
2091
1845
2457
2157
2740
2597
9691
2698
2412
2388
2606
2387
9733
2658
2566
2521
2787
2633
2959
2724
2832
2755
2895
2890
3027
2925
2832
2892
2770
2860
3019
3082
2772
2923
2740
2802
2990
2868
2822
2909
2774
2770
3012
2819
2841
2955
2876
2872
2959
2820
2764
2807
2779
2907
2949
2747
2804
2802
2743
2778
2927
2790
2836
2884
2749
2838
2982
2939
2752
2872
2773
2769
5385
959
1449
1454
1565
1511
5730
1583
1783
1632
1824
1765
5976
1807
1618
1535
1598
1503
5926
1547
1631
1587
1624
1569
1752
1619
1558
1542
1584
1520
1718
1582
1573
1484
1544
1504
5719
1587
1567
1539
1587
1532
5654
1571
1624
1541
1724
1668
6168
1762
1688
1656
1710
1706
6099
1572
1624
1558
1609
1581
5705
1548
1549
1542
1604
1562
5348
1604
1493
1493
1431
1402
5521
1469
1726
1581
1834
1712
1801
1838
1799
1712
1699
1732
5646
1631
1731
1639
1798
1629
5628
1778
1553
1491
1516
1525
1657
1569
1446
1436
1448
1483
5622
1427
1485
1522
1431
1468
1668
1502
1476
1537
1500
1447
1600
1548
1499
1475
1562
1503
5781
1547
1702
1611
1919
1766
6237
1867
1697
1672
1688
1753
1824
1727
1761
1707
1834
1762
5438
1682
1486
1443
1585
1436
1510
1608
1317
1320
1796
1575
1374
1656
1807
1554
1838
1817
1683
1728
1499
1563
1481
1538
1676
1444
1674
1488
1897
1739
5622
1796
1710
1647
1893
1776
5188
1795
1706
1660
1986
2039
4046
2042
1493
1806
1864
1777
1183
1822
1553
1740
1998
1827
1230
1750
1298
1442
1376
1355
3301
1301
961
1226
1172
1296
4340
1493
1592
1398
1843
1674
5921
2011
1925
1692
2478
2161
2274
2503
1841
1949
1917
1803
2091
1845
2457
2157
2740
2597
9691
2698
2412
2388
2606
2387
9733
2658
2566
2521
2787
2633
2959
2724
2832
2755
2895
2890
3027
2925
2832
2892
2770
2860
3019
3082
2772
2923
2740
2802
2990
2868
2822
2909
2774
2770
3012
2819
2841
2955
2876
2872
2959
2820
2764
2807
2779
2907
2949
2747
2804
2802
2743
2778
2927
2790
2836
2884
2749
2838
2982
2939
2752
2872
2773
2769